1.
1.023292992280754
1.0471285480508996
1.0715193052376064
1.096478196143185
1.1220184543019633
1.1481536214968828
1.1748975549395295
1.202264434617413
1.2302687708123816
1.2589254117941673
1.288249551693134
1.318256738556407
1.3489628825916535
1.3803842646028848
1.4125375446227544
1.4454397707459274
1.4791083881682074
1.5135612484362082
1.5488166189124815
1.5848931924611136
1.62181009735893
1.6595869074375607
1.6982436524617444
1.7378008287493754
1.7782794100389228
1.8197008586099834
1.8620871366628675
1.9054607179632472
1.9498445997580451
1.9952623149688795
2.041737944669529
2.0892961308540396
2.137962089502232
2.1877616239495525
2.23872113856834
2.290867652767773
2.344228815319922
2.3988329190194904
2.4547089156850306
2.51188643150958
2.570395782768864
2.6302679918953817
2.6915348039269156
2.7542287033381663
2.8183829312644537
2.884031503126606
2.951209226666386
3.019951720402016
3.0902954325135905
3.1622776601683795
3.2359365692962827
3.311311214825911
3.3884415613920256
3.4673685045253166
3.548133892335755
3.630780547701014
3.715352290971726
3.8018939632056115
3.890451449942806
3.9810717055349722
4.073802778041127
4.168693834703354
4.265795188015927
4.36515832240166
4.466835921509632
4.570881896148751
4.677351412871983
4.786300923226384
4.8977881936844625
5.011872336272724
5.1286138399136485
5.248074602497725
5.370317963702527
5.495408738576246
5.623413251903491
5.7543993733715695
5.88843655355589
6.025595860743578
6.165950018614822
6.309573444801933
6.456542290346556
6.606934480075961
6.760829753919819
6.918309709189364
7.079457843841379
7.244359600749901
7.413102413009175
7.5857757502918375
7.762471166286917
7.943282347242816
8.128305161640993
8.31763771102671
8.511380382023766
8.709635899560807
8.912509381337456
9.120108393559097
9.33254300796991
9.549925860214358
9.772372209558107
10.
10.232929922807541
10.471285480508996
10.715193052376065
10.964781961431852
11.220184543019636
11.481536214968829
11.748975549395297
12.02264434617413
12.302687708123818
12.589254117941675
12.882495516931343
13.182567385564074
13.48962882591654
13.803842646028853
14.125375446227547
14.454397707459272
14.791083881682072
15.13561248436208
15.488166189124811
15.848931924611133
16.218100973589298
16.595869074375607
16.982436524617444
17.378008287493753
17.78279410038923
18.197008586099834
18.620871366628677
19.054607179632473
19.498445997580454
19.952623149688797
20.417379446695296
20.892961308540396
21.379620895022324
21.87761623949553
22.3872113856834
22.908676527677734
23.442288153199225
23.98832919019491
24.547089156850312
25.11886431509581
25.703957827688633
26.302679918953814
26.915348039269155
27.542287033381662
28.183829312644534
28.84031503126606
29.512092266663856
30.19951720402016
30.902954325135905
31.622776601683793
32.359365692962825
33.11311214825911
33.884415613920254
34.673685045253166
35.48133892335755
36.30780547701014
37.15352290971726
38.018939632056124
38.90451449942807
39.810717055349734
40.73802778041128
41.68693834703355
42.657951880159274
43.65158322401661
44.668359215096324
45.708818961487516
46.77351412871981
47.86300923226383
48.97788193684461
50.11872336272722
51.28613839913648
52.48074602497726
53.70317963702527
54.954087385762456
56.23413251903491
57.543993733715695
58.8843655355589
60.25595860743578
61.65950018614822
63.09573444801933
64.56542290346556
66.06934480075961
67.60829753919819
69.18309709189366
70.79457843841381
72.44359600749902
74.13102413009177
75.8577575029184
77.6247116628692
79.43282347242817
81.28305161640995
83.17637711026708
85.11380382023764
87.09635899560806
89.12509381337455
91.20108393559097
93.3254300796991
95.49925860214358
97.72372209558107
100.