3.200000000000000178e+00
3.300000000000000266e+00
3.400000000000000355e+00
3.500000000000000000e+00
3.600000000000000089e+00
3.700000000000000178e+00
3.800000000000000266e+00
3.900000000000000355e+00
4.000000000000000000e+00
4.100000000000000533e+00
4.200000000000000178e+00
4.300000000000000711e+00
4.400000000000000355e+00
4.500000000000000000e+00
4.600000000000000533e+00
4.700000000000000178e+00
4.800000000000000711e+00
4.900000000000000355e+00
5.000000000000000000e+00
5.100000000000000533e+00
5.200000000000000178e+00
5.300000000000000711e+00
5.400000000000000355e+00
5.500000000000000000e+00
5.600000000000000533e+00
5.700000000000000178e+00
5.800000000000000711e+00
5.900000000000000355e+00
6.000000000000000000e+00
6.100000000000000533e+00
6.200000000000000178e+00
6.300000000000000711e+00
6.400000000000000355e+00
6.500000000000000000e+00
6.600000000000000533e+00
6.700000000000000178e+00
6.800000000000000711e+00
6.900000000000000355e+00
7.000000000000000000e+00
7.100000000000000533e+00
7.200000000000000178e+00
7.300000000000000711e+00
7.400000000000000355e+00
7.500000000000000000e+00
7.600000000000000533e+00
7.700000000000000178e+00
7.800000000000000711e+00
7.900000000000000355e+00
8.000000000000000000e+00
8.100000000000001421e+00
8.199999999999999289e+00
8.300000000000000711e+00
8.400000000000000355e+00
8.500000000000000000e+00
8.600000000000001421e+00
8.699999999999999289e+00
8.800000000000000711e+00
8.900000000000000355e+00
9.000000000000000000e+00
9.100000000000001421e+00
9.199999999999999289e+00
9.300000000000000711e+00
9.400000000000000355e+00
9.500000000000000000e+00
9.600000000000001421e+00
9.699999999999999289e+00
9.800000000000000711e+00
9.900000000000000355e+00
1.000000000000000000e+01
1.040000000000000036e+01
1.080000000000000071e+01
1.119999999999999929e+01
1.159999999999999964e+01
1.200000000000000000e+01
1.240000000000000036e+01
1.280000000000000071e+01
1.319999999999999929e+01
1.359999999999999964e+01
1.400000000000000000e+01
1.440000000000000036e+01
1.480000000000000071e+01
1.519999999999999929e+01
1.560000000000000142e+01
1.600000000000000000e+01
1.639999999999999858e+01
1.680000000000000071e+01
1.719999999999999929e+01
1.760000000000000142e+01
1.800000000000000000e+01
1.839999999999999858e+01
1.880000000000000071e+01
1.920000000000000284e+01
1.960000000000000142e+01
2.000000000000000000e+01
2.039999999999999858e+01
2.080000000000000071e+01
2.120000000000000284e+01
2.160000000000000142e+01
2.200000000000000000e+01
2.239999999999999858e+01
2.280000000000000071e+01
2.320000000000000284e+01
2.360000000000000142e+01
2.400000000000000000e+01
2.439999999999999858e+01
2.480000000000000071e+01
2.520000000000000284e+01
2.560000000000000142e+01
2.600000000000000000e+01
2.640000000000000213e+01
2.680000000000000071e+01
2.719999999999999929e+01
2.760000000000000142e+01
2.800000000000000000e+01
2.840000000000000213e+01
2.880000000000000071e+01
2.920000000000000284e+01
2.960000000000000142e+01
3.000000000000000000e+01
3.040000000000000213e+01
3.080000000000000071e+01
3.120000000000000284e+01
3.160000000000000142e+01
3.200000000000000000e+01
3.240000000000000568e+01
3.279999999999999716e+01
3.320000000000000284e+01
3.360000000000000142e+01
3.400000000000000000e+01
3.440000000000000568e+01
3.479999999999999716e+01
3.520000000000000284e+01
3.560000000000000142e+01
3.600000000000000000e+01
3.640000000000000568e+01
3.679999999999999716e+01
3.720000000000000284e+01
3.760000000000000142e+01
3.800000000000000000e+01
3.840000000000000568e+01
3.879999999999999716e+01
3.920000000000000284e+01
3.960000000000000142e+01
4.000000000000000000e+01
4.040000000000000568e+01
4.079999999999999716e+01
4.120000000000000284e+01
4.160000000000000142e+01
4.200000000000000000e+01
4.239999999999999858e+01
4.280000000000000426e+01
4.320000000000000284e+01
4.360000000000000142e+01
4.400000000000000000e+01
4.439999999999999858e+01
4.480000000000000426e+01
4.520000000000000284e+01
4.560000000000000142e+01
4.600000000000000000e+01
4.639999999999999858e+01
4.680000000000000426e+01
4.720000000000000284e+01
4.760000000000000142e+01
4.800000000000000000e+01
4.840000000000000568e+01
4.880000000000000426e+01
4.920000000000000284e+01
4.960000000000000142e+01
5.000000000000000000e+01
