0.3
0.3066646239835431
0.31347730534322626
0.3204413332348494
0.32756006988416775
0.3348369522101713
0.34227549348442593
0.3498792850272771
0.35765199794173613
0.36559738488588484
0.3737192818846552
0.3820216101818585
0.3905083781333577
0.399183683142298
0.4080517136373288
0.4171167510947728
0.4263831721057188
0.4358554504890354
0.4455381594513261
0.4554359737948692
0.4655536721746079
0.4758961394052794
0.48646836881979943
0.49727546468003786
0.5083226446411515
0.5196152422706632
0.531158709623502
0.5429586198742506
0.5550206700078687
0.5673506835701906
0.5799546134795288
0.592838544900736
0.6060086981831169
0.6194714318636066
0.6332332457366665
0.6473007839923779
0.6616808384242509
0.6763803517082947
0.6914064207549362
0.7067663001353995
0.7224674055842076
0.7385173175794898
0.7549237850028304
0.7716947288804205
0.7888382462073215
0.8063626138566861
0.8242762925758254
0.8425879310710481
0.8613063701832483
0.880440647156254
0.9000000000000001
0.9199938719506294
0.9404319160296789
0.9613239997045482
0.9826802096525032
1.004510856630514
1.026826480453278
1.0496378550818313
1.0729559938252085
1.0967921546576545
1.1211578456539657
1.1460648305455754
1.1715251344000732
1.1975510494268942
1.2241551409119864
1.2513502532843186
1.2791495163171567
1.3075663514671063
1.3366144783539784
1.3663079213846077
1.3966610165238238
1.4276884182158383
1.4594051064593985
1.4918263940401135
1.524967933923455
1.5588457268119897
1.593476128870506
1.6288758596227522
1.665062010023606
1.702052050710572
1.7398638404385869
1.7785156347022084
1.8180260945493503
1.8584142955908198
1.8996997372099995
1.941902351977134
1.9850425152727524
2.0291410551248843
2.074219262264809
2.120298900406199
2.1674022167526235
2.21555195273847
2.264771355008492
2.315084186641262
2.366514738621964
2.419087841570058
2.472828877727476
2.5277637932131443
2.583919110549745
2.6413219414687625
2.7000000000000006