1.140000000000000319e-01
1.162080319217639879e-01
1.184588305537691844e-01
1.207532242316424337e-01
1.230920573347949326e-01
1.254761905971706337e-01
1.279065014240114984e-01
1.303838842147603261e-01
1.329092506922144035e-01
1.354835302380577033e-01
1.381076702348899010e-01
1.407826364148818954e-01
1.435094132151814583e-01
1.462890041402054309e-01
1.491224321309475298e-01
1.520107399414405980e-01
1.549549905225078017e-01
1.579562674129492694e-01
1.610156751383040041e-01
1.641343396173368663e-01
1.673134085763959000e-01
1.705540519717974324e-01
1.738574624203932106e-01
1.772248556384730944e-01
1.806574708891727221e-01
1.841565714385445529e-01
1.877234450204648408e-01
1.913594043105410480e-01
1.950657874092025512e-01
1.988439583341454486e-01
2.026953075223182354e-01
2.066212523416255942e-01
2.106232376125480033e-01
2.147027361398614331e-01
2.188612492546586075e-01
2.231003073668640924e-01
2.274214705284551830e-01
2.318263290075891769e-01
2.363165038738533064e-01
2.408936475948456057e-01
2.455594446443155887e-01
2.503156121220806996e-01
2.551639003859529353e-01
2.601060936959000980e-01
2.651440108706879517e-01
2.702795059572407066e-01
2.755144689129614965e-01
2.808508263012743922e-01
2.862905420006333634e-01
2.918356179272694195e-01
2.974880947719283353e-01
3.032500527508858457e-01
3.091236123715042083e-01
3.151109352126205132e-01
3.212142247200447942e-01
3.274357270174704237e-01
3.337777317330886673e-01
3.402425728422169837e-01
3.468326295262407766e-01
3.535503270481993310e-01
3.603981376453258556e-01
3.673785814388798587e-01
3.744942273615939898e-01
3.817476941030915616e-01
3.891416510736118717e-01
3.966788193864054790e-01
4.043619728591494877e-01
4.121939390347666432e-01
4.201776002220156681e-01
4.283158945562295927e-01
4.366118170806070897e-01
4.450684208484425586e-01
4.536888180467095744e-01
4.624761811413981016e-01
4.714337440450445116e-01
4.805648033068694591e-01
4.898727193259728718e-01
4.993609175880173168e-01
5.090328899258741435e-01
5.188921958046808225e-01
5.289424636317943129e-01
5.391873920921055330e-01
5.496307515092273555e-01
5.602763852330474581e-01
5.711282110541446855e-01
5.821902226456139307e-01
5.934664910328102394e-01
6.049611660915605871e-01
6.166784780754001050e-01
6.286227391723765434e-01
6.407983450920181623e-01
6.532097766830418095e-01
6.658616015823791701e-01
6.787584758961577869e-01
6.919051459132316007e-01
7.053064498519083791e-01
7.189673196404963162e-01
7.328927827323497013e-01
7.470879639560625840e-01
7.615580874015066559e-01
7.763084783423841451e-01
7.913445651960331340e-01
8.066718815211828542e-01
8.222960680544124656e-01
8.382228747860362983e-01
8.544581630762128066e-01
8.710079078120379625e-01
8.878781996064047943e-01
9.050752470394684002e-01
9.226053789435170183e-01
9.404750467320976970e-01
9.586908267742637602e-01
9.772594228147886142e-01
9.961876684412749317e-01
1.015482529599046391e+00
1.035151107154733241e+00
1.055200639509531246e+00
1.075638505263062150e+00
1.096472225928845523e+00
1.117709468702340780e+00
1.139358049282626739e+00
1.161425934748718802e+00
1.183921246491610901e+00
1.206852263203085140e+00
1.230227423922431340e+00
1.254055331142167162e+00
1.278344753973922998e+00
1.303104631375624045e+00
1.328344075441198591e+00
1.354072374754007546e+00
1.380298997805196715e+00
1.407033596478290294e+00
1.434286009601258849e+00
1.462066266567387585e+00
1.490384591026291616e+00
1.519251404646389414e+00
1.548677330950280595e+00
1.578673199224407186e+00
1.609250048504413444e+00
1.640419131637728567e+00
1.672191919424816486e+00
1.704580104840656363e+00
1.737595607337953707e+00
1.771250577233731249e+00
1.805557400180879624e+00
1.840528701726287686e+00
1.876177351957291295e+00
1.912516470238100785e+00
1.949559430037965724e+00
1.987319863852875512e+00
2.025811668222549322e+00
2.065049008844626055e+00
2.105046325787923944e+00
2.145818338806622982e+00
2.187380052757425197e+00
2.229746763121619235e+00
2.272934061634091840e+00
2.316957842021396097e+00
2.361834305850909921e+00
2.407579968493326117e+00
2.454211665200630943e+00
2.501746557301757878e+00
2.550202138518296024e+00
2.599596241402493568e+00
2.649947043899987253e+00
2.701273076039594212e+00
2.753593226752719669e+00
2.806926750824851435e+00
2.861293275981644957e+00
2.916712810112311871e+00
2.973205748632889112e+00
3.030792881992124155e+00
3.089495403322770173e+00
3.149334916241012916e+00
3.210333442797023817e+00
3.272513431579498810e+00
3.335897765977120066e+00
3.400509772600090130e+00
3.466373229864750272e+00
3.533512376744474714e+00
3.601951921690087488e+00
3.671717051722988234e+00
3.742833441704466857e+00
3.815327263784546563e+00
3.889225197033780113e+00
3.964554437261668784e+00
4.041342707025210146e+00
4.119618265831347159e+00
4.199409920536939289e+00
4.280747035950244417e+00
4.363659545637740500e+00
4.448177962940180308e+00
4.534333392202100299e+00
4.622157540218788441e+00
4.711682727904963564e+00
4.802941902189508561e+00
4.895968648140491375e+00
4.990797201325128718e+00
5.087462460409128973e+00
5.185999999999998167e+00
