1365.516293403943
-5448.07433758639
8574.390459048249
-6924.353277101737
3169.339230952855
-853.5888451610646
134.99430546505297
-11.981310993311826
0.5311082420709478
-0.008910040822607978
0.00004893187896953263
-239.70505888744214
1172.98285743313
-2234.115178095732
2167.058196857248
-1182.666943825394
377.43146404050896
-70.37345142511599
7.337788786659622
-0.381711238796112
0.007604107139583628
-0.00004893186480827043
-239.70505888744214
1172.98285743313
-2234.115178095732
2167.058196857248
-1182.666943825394
377.43146404050896
-70.37345142511599
7.337788786659622
-0.381711238796112
0.007604107139583628
-0.00004893186480827043
42.07823482867425
-243.93300914672201
554.5051683568771
-641.6178047805118
417.0881151805384
-158.1648562541716
34.98658830913017
-4.326687415401189
0.26718616352575075
-0.0062981742105538575
0.00004893185064701238
47.515500322547474
-134.77408043555835
148.869169613946
-82.60690507151284
25.142649763062643
-4.278349642731743
0.3942014439898925
-0.017777275434045822
0.00030582424355957903
0
0
-7.729545435135681
30.657641410873772
-43.70872619465462
30.009762733132554
-11.070150930436938
2.2731143060454206
-0.2554028120742292
0.014340453877822902
-0.0003058241550516902
0
0
-7.729545435135681
30.657641410873772
-43.70872619465462
30.009762733132554
-11.070150930436938
2.2731143060454206
-0.2554028120742292
0.014340453877822902
-0.0003058241550516902
0
0
1.3034368683304183
-6.646283950006146
12.281929620472694
-10.41763142644913
4.6355691944078385
-1.1422447965564488
0.15573994856889392
-0.010903634336121494
0.00030582406654382736
0
0
-254.63655637049638
869.3278667763947
-1156.3921998554856
780.7430603380976
-294.1633217418251
63.73651345203228
-7.822480178275697
0.5074753105069434
-0.01469300611506914
0.0001223296974238316
0
44.69933536093619
-192.99823646815196
315.65405912077176
-258.8142889697488
117.2048801638782
-30.282054599279817
4.401940231870534
-0.33618088390555667
0.011428174110132382
-0.0001223296620206761
0
41.217696789632
-187.5569339216491
319.0758024276154
-265.2674765628623
120.49399813008803
-31.22641131166547
4.608630580176793
-0.36641124805260167
0.013318275289955854
-0.00012232966202067606
0
-7.235424786865412
39.46356642076557
-81.6605026516172
82.49849428228386
-45.18756864776754
14.013774944596923
-2.4591062851670475
0.2317101178659901
-0.010053444630416623
0.00012232962661753094
0
0.047689697659013076
-0.1474884515100577
0.17477880693068024
-0.10279016453142593
0.03326116166119734
-0.005982810234444755
0.0005520304993181702
-0.000020526606880820276
2.561332445831225e-7
0
0
-0.0651268613949279
0.17053600975978359
-0.1696338581875408
0.08465675800738205
-0.024134716607769852
0.004075474732232043
-0.00038966077591767983
0.000017064097254013058
-2.56133239029263e-7
0
0
-0.0651268613949279
0.17053600975978359
-0.1696338581875408
0.08465675800738205
-0.024134716607769852
0.004075474732232043
-0.00038966077591767983
0.000017064097254013058
-2.56133239029263e-7
0
0
0.0889397140967726
-0.19071979646614043
0.15735531910654166
-0.06710509724531158
0.017433003457552727
-0.002806920276834437
0.0002740986102653395
-0.00001360158777736433
2.5613323347540363e-7
0
0
0.007353910694021366
0.024013554202436335
-0.02014650487125114
-0.037184108285885614
0.10207295648693686
-0.08818794415698591
0.03593113383888596
-0.007020155839698539
0.0005402993168705856
-6.167594109512812e-7
1.787035062316364e-10
-0.006985763287928304
-0.02351657691879264
0.018478701186953755
0.03696179519459378
-0.09886450319704412
0.08528791992678614
-0.03485107661177335
0.006838186074602294
-0.0005292745155866782
6.107721235197574e-7
-1.787029346070819e-10
-0.006985763287928304
-0.02351657691879264
0.018478701186953755
0.03696179519459378
-0.09886450319704412
0.08528791992678614
-0.03485107661177335
0.006838186074602294
-0.0005292745155866782
6.107721235197574e-7
-1.787029346070819e-10
0.0066360458734753686
0.0230091769076141
-0.0167703486318344
-0.036938300365609425
0.09593468456183336
-0.08255616478254374
0.03381938601451815
-0.006662512003029585
0.0005185483277899781
-6.047848694091502e-7
1.7870236298441898e-10
0.014707821388042745
-0.13732537753381133
0.47309062668703133
-0.7781456806574102
0.7126868955838259
-0.37244667575862184
0.10845443880671564
-0.016137538638583637
0.0009330377654740855
5.08149166686281e-6
7.015771540521167e-9
-0.013971526575856616
0.13104695249126264
-0.45776368441557164
0.7724000950817769
-0.7251181061534898
0.386159363063301
-0.11383865586358587
0.01704522062905004
-0.0009874486522898913
-5.231052109747236e-6
-7.015745926048718e-9
-0.013971526575856616
0.13104695249126264
-0.45776368441557164
0.7724000950817769
-0.7251181061534898
0.386159363063301
-0.11383865586358587
0.01704522062905004
-0.0009874486522898913
-5.231052109747236e-6
-7.015745926048718e-9
0.013272091746950735
-0.12505298374885687
0.44292909076165154
-0.7661782395006832
0.7373288715284319
-0.4002496665646047
0.11947776284330879
-0.0180035776961701
0.0010450837366378113
5.380611474527931e-6
7.015720311671177e-9
0.06411286031263148
-0.1629545548505601
0.19709458160535825
-0.1325758204184924
0.05128514880137004
-0.010332337385168932
0.0008906474066539766
-0.000012720818128338462
5.019144903677493e-8
0
0
-0.04275196759662569
0.11017515921130767
-0.13938377026013277
0.09855265772071016
-0.04028701628009529
0.008513050482966399
-0.0007657792399722185
0.000011797839364032412
-5.019126452577812e-8
0
0
-0.04275196759662569
0.11017515921130767
-0.13938377026013277
0.09855265772071016
-0.04028701628009529
0.008513050482966399
-0.0007657792399722185
0.000011797839364032412
-5.019126452577812e-8
0
0
0.028508020457524867
-0.07447644460876486
0.09838919993393962
-0.07292392714216149
0.03155489196208029
-0.007004702220659644
0.0006579409769396572
-0.000010874867430961905
5.0191080015468504e-8
0
0
0.03070766188029818
-0.18238166875057954
0.3638294378190443
-0.3790471186386412
0.2250586156968798
-0.07512192860735903
0.012931718514154415
-0.0009148005098435476
4.362060624958545e-6
1.8757261217738304e-8
0
-0.029170391910783123
0.17449632340327165
-0.3588140674271964
0.38301052184502393
-0.23205931331809213
0.07862921403367894
-0.01365381347543247
0.0009689316669614934
-4.760729963293853e-6
-1.875719249281273e-8
0
-0.020476593296150224
0.12234117376193052
-0.248891931123951
0.2712732536833822
-0.1703408873962704
0.05994062216364239
-0.01078825392947655
0.0007959353218256179
-4.706373145642153e-6
-1.875719249281273e-8
0
0.01945150541825024
-0.11704675619987992
0.24537358064222317
-0.2736722082374217
0.17541123903932163
-0.06270119580834876
0.0113877960442417
-0.0008427934001863716
5.105039770518882e-6
1.8757123768142482e-8
0