42.09647961669891
-63.449764993783965
32.59132960909621
-6.578783535849091
0.48316606974351767
0
0
0
0
0
0
-1.830283007390508
3.819721028793027
-2.504451490051804
0.59782183594923
-0.04545001570392015
0
0
0
0
0
0
-1.830283007390508
3.819721028793027
-2.504451490051804
0.59782183594923
-0.04545001570392015
0
0
0
0
0
0
0.0795775779268156
-0.21220687447151282
0.18294073140422737
-0.05438917569436889
0.005230123402896642
0
0
0
0
0
0
0.6121493001684668
-0.49307962740117856
0.10783150318610411
0
0
0
0
0
0
0
0
-0.07589299206996572
0.06068202021806843
-0.011012350676100345
0
0
0
0
0
0
0
0
-0.07589299206996572
0.06068202021806843
-0.011012350676100345
0
0
0
0
0
0
0
0
0.009409105823167053
-0.007478257208759389
0.0016320361807787057
0
0
0
0
0
0
0
0
-5.074980017320918
5.867647297623326
-2.099082088455924
0.22634538422915318
0
0
0
0
0
0
0
0.2206514600062716
-0.3829322301290127
0.17681973968878759
-0.02260153592058795
0
0
0
0
0
0
0
0.6292195099319157
-0.7273358967801857
0.2432362273430231
-0.021094337657637914
0
0
0
0
0
0
0
-0.02735738920292341
0.047471865510180254
-0.021312073856622468
0.002808253233715905
0
0
0
0
0
0
0
0.0004955887346774397
-0.00010393970398559684
5.449812167161503e-6
1.938660289379643e-20
1.7240978231617547e-35
0
0
0
0
0
0
-0.00005527852892205322
-0.00036989403306590684
0.00003939677071889964
7.12174199515047e-20
2.0354928132284263e-36
0
0
0
0
0
0
-0.00005527852892205322
-0.00036989403306590684
0.00003939677071889964
7.12174199515047e-20
2.0354928132284263e-36
0
0
0
0
0
0
6.165829741418811e-6
0.0000838099569697437
0.00028479982345628235
1.654582684795986e-20
2.403129878736496e-37
0
0
0
0
0
0
0.012667246658050316
-0.026253291678392687
0.04018857660630753
-0.010514019578400978
0.0007860504953119211
0
0
0
0
0
0
0.010781085497510359
-0.02098602155667607
0.03609705227114852
-0.008762130109562867
0.0006267179237745168
0
0
0
0
0
0
0.010781085497510359
-0.02098602155667607
0.03609705227114852
-0.008762130109562867
0.0006267179237745168
0
0
0
0
0
0
0.009175774944806989
-0.01670527897824205
0.033275141545253885
-0.007657193717801536
0.0005976759200725353
0
0
0
0
0
0
0.02533449331610064
-0.07508468158600985
0.10023471368725768
-0.038426096386447325
0.004663955930323427
0
0
0
0
0
0
0.02156217099502072
-0.0652626624234068
0.09414385201445229
-0.037951074159910954
0.004721378019155326
0
0
0
0
0
0
0.02156217099502072
-0.0652626624234068
0.09414385201445229
-0.037951074159910954
0.004721378019155326
0
0
0
0
0
0
0.018351549889613978
-0.056700920580213865
0.08877941962963998
-0.037469855497495354
0.004779553027442553
0
0
0
0
0
0
0.033571061102985945
-0.02685684888238875
0.006568961329347197
0
0
0
0
0
0
0
0
0.016102117805196353
-0.012881694244157083
0.003629517597539241
0
0
0
0
0
0
0
0
0.016102117805196353
-0.012881694244157083
0.003629517597539241
0
0
0
0
0
0
0
0
0.007723264898211998
-0.0061786119185696
0.002161902494179924
0
0
0
0
0
0
0
0
-0.029163432979126505
0.05488169198420036
-0.030534521839128016
0.004763869110582504
0
0
0
0
0
0
0
-0.02482097908380582
0.04827317374237634
-0.028839964478763504
0.004813675606543013
0
0
0
0
0
0
0
-0.013988030702791105
0.02632360850814734
-0.01713622290334615
0.003067170296552278
0
0
0
0
0
0
0
-0.011905203949964147
0.023153880303215055
-0.01640346177211255
0.003102353352585823
0
0
0
0
0
0
0