31.8294
-65.9618
48.5834
-15.194
1.9036
-0.0595886
0.000544329
0
0
0
0
-3.18299
8.62425
-8.02539
3.19316
-0.554467
0.0353797
-0.000511426
0
0
0
0
-3.18299
8.62425
-8.02539
3.19316
-0.554467
0.0353797
-0.000511426
0
0
0
0
0.318304
-1.06524
1.24846
-0.62249
0.141618
-0.0138797
0.000480513
0
0
0
0
0.299629
-0.373798
0.154895
-0.0238983
0.00122474
0
0
0
0
0
0
-0.0352627
0.0990955
-0.0683453
0.0161561
-0.00115071
0
0
0
0
0
0
-0.0352627
0.0990955
-0.0683453
0.0161561
-0.00115071
0
0
0
0
0
0
0.00414999
-0.0181474
0.0240755
-0.00926264
0.00108115
0
0
0
0
0
0
-3.08821
5.12625
-2.89248
0.653386
-0.0526576
0.000816493
0
0
0
0
0
0.308826
-0.709394
0.515378
-0.153134
0.0185641
-0.000767139
0
0
0
0
0
0.363444
-1.17124
1.09117
-0.373592
0.0452762
-0.000767139
0
0
0
0
0
-0.036345
0.140282
-0.171917
0.0770456
-0.0134973
0.000720769
0
0
0
0
0
0
0
0
0
0
0
0
0
0
0
0
0
0
0
0
0
0
0
0
0
0
0
0
0
0
0
0
0
0
0
0
0
0
0
0
0
0
0
0
0
0
0
0
0
0
0
0
0
0
0
0
0
0
0
0
0
0
0
0
0
0
0
0
0
0
0
0
0
0
0
0
0
0
0
0
0
0
0
0
0
0
0
0
0
0
0
0
0
0
0
0
0
0
0
0
0
0
0
0
0
0
0
0
0
0
0
0
0
0
0
0
0
0
0
0
0
0
0
0
0
0
0
0
0
0
0
0
0
0
0
0
0
0
0
0
0
0
0
0
0
0
0
0
0
0
0
0
0
0
0
0
0
0
0
0
0
0
0
0
0
0
0
0
0
0
0
0
0
0
0
0
0
0
0
0
0
0
0
0
0
0
0
0
0
0
0
0
0
0
0
0
0
0
0
0
0
0
0
0
0
0
0
0
0
0
0
0
0
0
0
0
0
0
0
0
0
0
0
0
0