108.90027213248975
-323.57793823110393
366.22709796539385
-200.97728898554817
57.2924145781395
-8.298929665854477
0.5331903594912818
-0.009343970989624863
0.00004860192450703234
0
0
-14.702206006435004
53.972083997494146
-74.50304411045484
49.639673755260226
-17.130254673335727
3.0201913874464092
-0.24361130762484395
0.006435789654944067
-0.00004623648183316377
0
0
-14.702206006435004
53.972083997494146
-74.50304411045484
49.639673755260226
-17.130254673335727
3.0201913874464092
-0.24361130762484395
0.006435789654944067
-0.00004623648183316377
0
0
1.9848881662359417
-8.67538120984859
14.413391512940082
-11.58731625440829
4.84364124818699
-1.0411053669758854
0.10480438615034152
-0.0037885556718445807
0.00004398616462192064
0
0
2.150055842649113
-4.084099176622377
2.8143118059863816
-0.8717853502383812
0.12782731161282643
-0.008318823592213231
0.0001944076980281294
0
0
0
0
0.3186195264344569
-0.2511767831489441
-0.12074773762772534
0.15673336411349906
-0.04677627798355695
0.005257002816634393
-0.00018494592733265516
0
0
0
0
0.3186195264344569
-0.2511767831489441
-0.12074773762772534
0.15673336411349906
-0.04677627798355695
0.005257002816634393
-0.00018494592733265516
0
0
0
0
0.04721663531317192
0.015245076596952692
-0.03928982927646939
-0.0007769613889041941
0.009624067494789957
-0.0024735128842729424
0.00017594465848768266
0
0
0
0
-15.301688350131105
37.26615397923136
-33.546827267095665
14.151529768242595
-2.958675387500545
0.2937096473388999
-0.011423676887678171
0.0000972038490140647
0
0
0
2.0658219668743687
-6.476607038732872
7.275643748220017
-3.7955232441692774
0.9727851670566382
-0.11885548886112678
0.005960864058496485
-0.00009247296366632757
0
0
0
-2.26757677594055
3.002780029158838
0.20645830841981808
-1.6498893781199082
0.7899188822839016
-0.1427202125744403
0.00953921665970885
-0.00009247296366632758
0
0
0
0.30613680060161447
-0.6195964319088645
0.1411286455144453
0.30511987942198276
-0.21268360502731848
0.05009002690239402
-0.004406933892912816
0.00008797232924384129
0
0
0
0
0
0
0
0
0
0
0
0
0
0
0
0
0
0
0
0
0
0
0
0
0
0
0
0
0
0
0
0
0
0
0
0
0
0
0
0
0
0
0
0
0
0
0
0
0
0
0
0
0
0
0
0
0
0
0
0
0
0
0
0
0
0
0
0
0
0
0
0
0
0
0
0
0
0
0
0
0
0
0
0
0
0
0
0
0
0
0
0
0
0
0
0
0
0
0
0
0
0
0
0
0
0
0
0
0
0
0
0
0
0
0
0
0
0
0
0
0
0
0
0
0
0
0
0
0
0
0
0
0
0
0
0
0
0
0
0
0
0
0
0
0
0
0
0
0
0
0
0
0
0
0
0
0
0
0
0
0
0
0
0
0
0
0
0
0
0
0
0
0
0
0
0
0
0
0
0
0
0
0
0
0
0
0
0
0
0
0
0
0
0
0
0
0
0
0
0
0
0
0
0
0
0
0
0
0
0
0
0
0
0
0
0
0
0
0
0
0
0
0