1059.9984768015083
-3110.691386198712
3488.2065425526675
-1901.6522220682184
538.0027488620511
-76.59777156677204
4.640236050299174
-0.05559197080463813
0.0002664666814177836
0
0
-130.62718436065458
466.9407851675181
-627.0539550143437
405.70417899671867
-135.4088271510022
22.792050135257526
-1.683808139946605
0.03354945772954588
-0.00024381979068201202
0
0
-130.62718436065458
466.9407851675181
-627.0539550143437
405.70417899671867
-135.4088271510022
22.792050135257526
-1.683808139946605
0.03354945772954588
-0.00024381979068201202
0
0
16.097628126297593
-67.84497193379951
108.20817383880527
-82.97170323947896
32.81941831390369
-6.5693845340877886
0.5897525593821149
-0.016134491711799752
0.00022414740150650264
0
0
18.51798296864207
-33.0806654407721
21.444634570507215
-6.186576232919164
0.8121380697527951
-0.04412490268735946
0.001065866725671135
0
0
0
0
8.86584974828608
-13.427442828373607
6.754968067381329
-1.1389847780281575
-0.03345471288994942
0.02158808849741008
-0.0009752791627280482
0
0
0
0
8.86584974828608
-13.427442828373607
6.754968067381329
-1.1389847780281575
-0.03345471288994942
0.02158808849741008
-0.0009752791627280482
0
0
0
0
4.435916417041171
-5.916334922536369
2.681058298286079
-0.44529534973913604
0.026578369285529854
-0.00483556579357597
0.0008965896060260106
0
0
0
0
-139.9076389633405
330.5025328924911
-288.3031438805913
117.61319992663027
-23.433465042100256
2.120878235536119
-0.06662319647647802
0.0005329333628355674
0
0
0
17.24128982097625
-51.71741057420326
55.16986538448538
-27.154679976659217
6.463645907931151
-0.7020284682880555
0.028224788815735084
-0.00048763958136402414
0
0
0
-67.73637324616875
141.91288738701562
-103.01423426926402
30.79254180752957
-2.759418390951577
-0.3002070271598375
0.049668170892061714
-0.00048763958136402403
0
0
0
8.347381538366376
-22.896509255663595
21.042767621117896
-8.099955272462644
1.1150257483834407
0.04194482357135596
-0.017343383160193748
0.00044829480301300544
0
0
0
0.07766940392130867
-0.1501945672736983
0.1454760249234932
-0.06358420479799527
0.016433733723134714
-0.0021388371822554783
0.00017113782054781345
0
0
0
0
-0.11186170424786239
0.1963593471254972
-0.17138436613740057
0.07156720737933953
-0.017625171168984755
0.002202819116411908
-0.00017123826099620825
0
0
0
0
-0.11186170424786239
0.1963593471254972
-0.17138436613740057
0.07156720737933953
-0.017625171168984755
0.002202819116411908
-0.00017123826099620825
0
0
0
0
0.16110643632483534
-0.25406234558060536
0.20215868734318965
-0.08059075584979435
0.018924406679098636
-0.002264847343076484
0.00017135074350740407
0
0
0
0
0.07569236645209282
-0.24996303506903517
0.47562025484670917
-0.41626333438694146
0.21340048448586535
-0.06166649195002185
0.01159464153733673
-0.001207801478277386
0.0001895056721698479
0
0
-0.07321317821053604
0.2341929690527564
-0.45140624842646826
0.39350912161581447
-0.20234425646974472
0.058891431850794866
-0.011253792200882237
0.0011916541971631986
-0.00018921195056604791
0
0
-0.07321317821053604
0.2341929690527564
-0.45140624842646826
0.39350912161581447
-0.20234425646974472
0.058891431850794866
-0.011253792200882237
0.0011916541971631986
-0.00018921195056604791
0
0
0.07081519200592393
-0.21918779412890274
0.4298595915810334
-0.37365224041221856
0.1928788579858286
-0.05648456470258957
0.010944968038757084
-0.0011757815793682139
0.00018891925256489718
0
0
0.1513847329041856
-0.9583950135082857
2.351271397695813
-2.517833190328393
1.3909846187213037
-0.41694105365080003
0.06998199362389064
-0.006200567348583113
0.0003822651574788272
0
0
-0.14642635642107202
0.9370683531851077
-2.321887089235772
2.4902970626762713
-1.3748886946023349
0.41190110531741825
-0.06920850155110386
0.006144362380504517
-0.0003802737453575395
0
0
-0.14642635642107202
0.9370683531851077
-2.321887089235772
2.4902970626762713
-1.3748886946023349
0.41190110531741825
-0.06920850155110386
0.006144362380504517
-0.0003802737453575395
0
0
0.14163038401184777
-0.9161105805718016
2.293683294035725
-2.4645837045906136
1.3604244948448454
-0.4074631161715448
0.06851659797280203
-0.006089789044620567
0.00037830626768314737
0
0
0.6535602198807473
-1.5444486143234768
1.481101728173609
-0.66487157788481
0.15078526782021423
-0.016422980030929294
0.0007197628575616654
0
0
0
0
-0.593830954969506
1.4220475536721935
-1.3787757096342328
0.6240837321477258
-0.14326757215748434
0.015893641978942018
-0.0007118667721404795
0
0
0
0
-0.593830954969506
1.4220475536721935
-1.3787757096342328
0.6240837321477258
-0.14326757215748434
0.015893641978942018
-0.0007118667721404795
0
0
0
0
0.5395603838072328
-1.3091194972968347
1.2835084717897898
-0.5857897066617829
0.13612961206328078
-0.015376510976033556
0.0007040819537483473
0
0
0
0
-0.3145457666595558
1.3673285224272054
-2.0952149044942874
1.473991409832398
-0.533177765947559
0.10138649766691475
-0.00978501839014944
0.0003863324239027415
0
0
0
0.3042432988852473
-1.3434548695107271
2.0642803460407606
-1.4517894454105262
0.5247797078595979
-0.09987903671831344
0.009667125959752566
-0.0003825860506393442
0
0
0
0.28579923825709863
-1.251390121134526
1.9414530577945395
-1.3779593765369844
0.5031054566334554
-0.09692277436717671
0.00952156618757138
-0.0003825860506393441
0
0
0
-0.27643831926163626
1.2294027749087548
-1.913166900964488
1.357589976706428
-0.49541074870018437
0.09553490431494267
-0.009408346965062308
0.00037889097087483875
0
0
0