114.84250951391134
-348.4214041514677
402.56862886971214
-225.82417207428924
66.20802425946265
-10.036808007526718
0.7119515703365928
-0.017678888760929084
0.0001396692245663162
0
0
-18.110360470946112
68.57046253736134
-97.03042833438242
66.12171104190928
-23.453332886550825
4.322801057130844
-0.3824469500070588
0.013095186551368621
-0.00013659874259825544
0
0
-18.110360470946112
68.57046253736134
-97.03042833438242
66.12171104190928
-23.453332886550825
4.322801057130844
-0.3824469500070588
0.013095186551368621
-0.00013659874259825544
0
0
2.8559560199080845
-12.962058980352593
22.208181633086564
-18.294190121234294
7.852102756903701
-1.7599206012452284
0.19308677085912337
-0.00870447604347527
0.00013359576196805535
0
0
3.173275566926872
-6.4035503906295395
4.721790131007169
-1.5888626676564621
0.26016822115055227
-0.019786985789335694
0.0005586768982652652
0
0
0
0
-0.38851951454781375
1.3514003460826574
-1.478744197485809
0.694976634673304
-0.15283680174176
0.015241463196244278
-0.0005463949703930221
0
0
0
0
-0.38851951454781375
1.3514003460826574
-1.478744197485809
0.694976634673304
-0.15283680174176
0.015241463196244278
-0.0005463949703930221
0
0
0
0
0.04756832805751355
-0.23492590271548322
0.39276681351103476
-0.2637093314599689
0.08034243021114261
-0.010886234795624514
0.0005343830478722217
0
0
0
0
-19.089969342171862
48.2200073883784
-45.19882398021225
19.987913172542836
-4.4505349639907195
0.4868304769474258
-0.02262563520826301
0.0002793384491326324
0
0
0
3.01043775192115
-9.869070255380853
11.553561472663715
-6.304687914611316
1.7169245486302935
-0.23083945649283083
0.013738133634669197
-0.0002731974851965109
0
0
0
2.337277511872694
-9.317101553274096
12.685843756583024
-7.713823796304903
2.3005528268878326
-0.3316439414586779
0.020072971066190184
-0.0002731974851965109
0
0
0
-0.36858249127273685
1.746585296991432
-2.9473646656302495
2.2193979217877673
-0.8165113686114255
0.1461880305841212
-0.0114260347423814
0.0002671915239361107
0
0
0
0
0
0
0
0
0
0
0
0
0
0
0
0
0
0
0
0
0
0
0
0
0
0
0
0
0
0
0
0
0
0
0
0
0
0
0
0
0
0
0
0
0
0
0
0
0
0
0
0
0
0
0
0
0
0
0
0
0
0
0
0
0
0
0
0
0
0
0
0
0
0
0
0
0
0
0
0
0
0
0
0
0
0
0
0
0
0
0
0
0
0
0
0
0
0
0
0
0
0
0
0
0
0
0
0
0
0
0
0
0
0
0
0
0
0
0
0
0
0
0
0
0
0
0
0
0
0
0
0
0
0
0
0
0
0
0
0
0
0
0
0
0
0
0
0
0
0
0
0
0
0
0
0
0
0
0
0
0
0
0
0
0
0
0
0
0
0
0
0
0
0
0
0
0
0
0
0
0
0
0
0
0
0
0
0
0
0
0
0
0
0
0
0
0
0
0
0
0
0
0
0
0
0
0
0
0
0
0
0
0
0
0
0
0
0
0
0
0
0
0