103.12612235890246
-298.95973783730307
331.7246400763252
-179.12885586050047
50.029505247312386
-6.931787363367396
0.3849645147615718
-0.0015875051209515458
1.7019745402803562e-6
0
0
-11.456455452340036
39.79665471639824
-51.79262794036715
32.33047236396136
-10.32442404968154
1.6242451932587962
-0.10263060389487526
0.0006310381532129546
-9.062758616474026e-7
0
0
-11.456455452340036
39.79665471639824
-51.79262794036715
32.33047236396136
-10.32442404968154
1.6242451932587962
-0.10263060389487526
0.0006310381532129546
-9.062758616474026e-7
0
0
1.2727170238658878
-5.152584465222651
7.833967573734852
-5.661721956025656
2.0783411126177054
-0.3739636407522184
0.027124728725729727
-0.00022191507606288453
4.82578274801601e-7
0
0
1.6378270957754506
-2.7257082194202313
1.6398012649703504
-0.4275229126928454
0.04460100444365495
-0.0010311287159178793
6.807898161121436e-6
0
0
0
0
1.3339917516832431
-2.1492182067704504
1.2430936910217152
-0.30485247682187644
0.027258496074956836
-0.00007697166423649551
-3.6251034465896156e-6
0
0
0
0
1.3339917516832431
-2.1492182067704504
1.2430936910217152
-0.30485247682187644
0.027258496074956836
-0.00007697166423649551
-3.6251034465896156e-6
0
0
0
0
1.0865212806339506
-1.692815281143467
0.9402047804049333
-0.2158856005596673
0.015892230296317447
0.00037433899532822673
1.9303130992064064e-6
0
0
0
0
-12.996259364973637
29.652227494154072
-24.931649595625107
9.746347389195288
-1.8073605671451445
0.13639244621375332
-0.0018452872999310168
3.4039490805607154e-6
0
0
0
1.443776446317864
-4.123940979135112
4.14026700760644
-1.8946590059825312
0.40629317979684737
-0.035329202738968744
0.0005540188258542231
-1.8125517232948068e-6
0
0
0
-10.585307106182995
23.58928220115092
-19.22546638417242
7.203039446257743
-1.2381155905942223
0.07515400637680353
0.000669571648453439
-1.8125517232948068e-6
0
0
0
1.1759396798541135
-3.2964562856071553
3.216209520513614
-1.4150806853872528
0.28361711478538626
-0.02046904995575065
-0.0001283303272308281
9.651565496032024e-7
0
0
0
0
0
0
0
0
0
0
0
0
0
0
0
0
0
0
0
0
0
0
0
0
0
0
0
0
0
0
0
0
0
0
0
0
0
0
0
0
0
0
0
0
0
0
0
0
0
0
0
0
0
0
0
0
0
0
0
0
0
0
0
0
0
0
0
0
0
0
0
0
0
0
0
0
0
0
0
0
0
0
0
0
0
0
0
0
0
0
0
0
0
0
0
0
0
0
0
0
0
0
0
0
0
0
0
0
0
0
0
0
0
0
0
0
0
0
0
0
0
0
0
0
0
0
0
0
0
0
0
0
0
0
0
0
0
0
0
0
0
0
0
0
0
0
0
0
0
0
0
0
0
0
0
0
0
0
0
0
0
0
0
0
0
0
0
0
0
0
0
0
0
0
0
0
0
0
0
0
0
0
0
0
0
0
0
0
0
0
0
0
0
0
0
0
0
0
0
0
0
0
0
0
0
0
0
0
0
0
0
0
0
0
0
0
0
0
0
0
0
0
0