97.43901858328331
-280.96884210780064
307.0797008874643
-161.49253547632435
43.64315434606737
-5.877032852745851
0.3334764199211528
-0.0036473157269272544
0.000011156219115261747
0
0
-8.338253462893594
29.88881913181699
-40.11884571647641
25.85263915524732
-8.564798187319978
1.4300356729660806
-0.10551833758613821
0.002198164100524073
-0.000010230495751260627
0
0
-8.338253462893594
29.88881913181699
-40.11884571647641
25.85263915524732
-8.564798187319978
1.4300356729660806
-0.10551833758613821
0.002198164100524073
-0.000010230495751260627
0
0
0.7135382911521365
-3.0579030466741006
4.968185448270196
-3.8915128122096916
1.5781160710194078
-0.3264253729018703
0.030919314769796407
-0.0009643953789455854
9.381587277483851e-6
0
0
2.0799805627684855
-3.6314478516309134
2.265727855887272
-0.6134761630958968
0.07251035266763343
-0.0031528737149798544
0.00004462487646104699
0
0
0
0
0.35342141843644265
-0.45210874966583936
0.12890315574478645
0.031080097482190344
-0.015927836597292126
0.001697012350118005
-0.00004092198300504251
0
0
0
0
0.35342141843644265
-0.45210874966583936
0.12890315574478645
0.031080097482190344
-0.015927836597292126
0.001697012350118005
-0.00004092198300504251
0
0
0
0
0.060051858774763885
-0.04879595486205144
-0.00853110898273417
0.010495634540034328
0.000196329947736022
-0.000461051839366746
0.0000375263491099354
0
0
0
0
-14.236265827402443
32.952968720951326
-27.88356398616114
10.8781432705878
-2.0368164338214276
0.16842283183071652
-0.004435534155672218
0.000022312438230523493
0
0
0
1.2182552180834185
-3.6739247497154746
3.9225381463749494
-1.9207273662812339
0.45105539329482747
-0.04769789775038643
0.001774473748451334
-0.000020460991502521254
0
0
0
-2.4189655192075232
4.47036780955117
-2.343026065903481
0.06493218051124801
0.2312608559188602
-0.05264998013928982
0.003470360627655813
-0.000020460991502521254
0
0
0
0.20700072630465374
-0.5276564678127987
0.3938475287148736
-0.06500266491442898
-0.032352102571071524
0.011754541332165072
-0.0010796583387872717
0.000018763174554967702
0
0
0
0
0
0
0
0
0
0
0
0
0
0
0
0
0
0
0
0
0
0
0
0
0
0
0
0
0
0
0
0
0
0
0
0
0
0
0
0
0
0
0
0
0
0
0
0
0
0
0
0
0
0
0
0
0
0
0
0
0
0
0
0
0
0
0
0
0
0
0
0
0
0
0
0
0
0
0
0
0
0
0
0
0
0
0
0
0
0
0
0
0
0
0
0
0
0
0
0
0
0
0
0
0
0
0
0
0
0
0
0
0
0
0
0
0
0
0
0
0
0
0
0
0
0
0
0
0
0
0
0
0
0
0
0
0
0
0
0
0
0
0
0
0
0
0
0
0
0
0
0
0
0
0
0
0
0
0
0
0
0
0
0
0
0
0
0
0
0
0
0
0
0
0
0
0
0
0
0
0
0
0
0
0
0
0
0
0
0
0
0
0
0
0
0
0
0
0
0
0
0
0
0
0
0
0
0
0
0
0
0
0
0
0
0
0
0
0
0
0
0
0