1925.2494842126675
-7519.078481114949
11648.410583805626
-9314.590118245014
4236.902252245981
-1133.778161610257
176.79003093943416
-15.092200550896152
0.5948961123970716
-0.0060707550194427345
0.000018233156754955732
-318.3450945765076
1510.9950997182093
-2809.4441657908196
2675.2989649959773
-1437.8610157961534
451.62233180549606
-82.2661920200775
8.191912374460513
-0.3794381364062421
0.0049209770808634435
-0.000018233156416515106
-318.3450945765076
1510.9950997182093
-2809.4441657908196
2675.2989649959773
-1437.8610157961534
451.62233180549606
-82.2661920200775
8.191912374460513
-0.3794381364062421
0.0049209770808634435
-0.000018233156416515106
52.63920342374225
-294.1112093604512
647.863383290584
-730.4195801457761
463.8674193476708
-171.6438541197904
36.767480872805706
-4.30944796212767
0.23668669649648358
-0.0037711991862009724
0.000018233156078074516
51.89685146169922
-137.82698454360613
141.10755898481446
-71.60873090625213
19.63761408415271
-2.9510205006291814
0.23254924839199242
-0.008500233810268626
0.00011395722971847334
0
0
18.710413846365533
-40.660379896870005
31.972868286681123
-10.793237125518397
1.1353122131279858
0.20469534574819506
-0.06143557426314821
0.005007490300695543
-0.00011395722760321941
0
0
18.710413846365533
-40.660379896870005
31.972868286681123
-10.793237125518397
1.1353122131279858
0.20469534574819506
-0.06143557426314821
0.005007490300695543
-0.00011395722760321941
0
0
6.746046024479924
-11.404757809015313
6.310370582147862
-0.9200977898712331
-0.2547511203667718
0.07891341168943769
-0.00035112446235187794
-0.0015147468828507868
0.00011395722548796572
0
0
-316.0922100952638
1036.9875197427543
-1324.2402686871428
856.171059967193
-307.29857681051317
62.80786899275981
-7.126097099253737
0.4085466151578741
-0.009288490536357146
0.00004558289188738934
0
52.26668301579908
-215.41832257710362
336.5316566087617
-262.774065433929
112.54633491288966
-27.183987445402515
3.6158780420705012
-0.2415216393424167
0.006414045786734111
-0.00004558289104128777
0
-113.9618244580483
318.8654730451542
-327.99914208160556
155.71597738428932
-31.947144097647524
0.17151202719343414
1.0274900520834995
-0.15811461861677417
0.007891393035702713
-0.00004558289104128777
0
18.843889107725275
-68.57382296923218
88.9837525993597
-53.31979421738081
14.631703052400102
-0.9775093746066238
-0.3623446827783103
0.07936039286180778
-0.005016948359321372
0.0000455828901951863
0
0.00007886717307379134
-0.00006456803604982198
0.004361933782995246
-0.0032120004100233894
0.0007586897231788026
-0.00012234061084711592
0.000024453604640637947
-8.848118525226233e-7
1.664569946338716e-7
0
0
-0.00017947204822380255
0.00033642718818625346
-0.010256776053326545
0.009970159053970314
-0.0035666049568498287
0.0005921022532083072
-0.00006381725997107095
7.495233567709016e-6
-1.664569164625062e-7
0
0
-0.00017947204822380255
0.00033642718818625346
-0.010256776053326545
0.009970159053970314
-0.0035666049568498287
0.0005921022532083072
-0.00006381725997107095
7.495233567709016e-6
-1.664569164625062e-7
0
0
0.0004084109375076717
-0.0011968003577289728
0.024549729750388487
-0.02967195841443533
0.014508995512525331
-0.0034466925967708557
0.0003805591242784567
-0.000014105648792262559
1.6645683829117892e-7
0
0
0.024197401761378398
-0.09202428326341876
0.28839169064476144
-0.41007547604471595
0.37687028835140307
-0.21340443097677236
0.06977577048588966
-0.012028060570887664
0.0008774041212728086
-2.4335549723261276e-6
2.0143142512669966e-9
0.014577104628521803
-0.054490274684087486
0.21250266403746382
-0.32819096643782064
0.31983877243738634
-0.18790269593692718
0.06284581722291
-0.010956417733624636
0.0007934558671664674
1.1175823565108932e-7
-2.01431180584053e-9
0.014577104628521803
-0.054490274684087486
0.21250266403746382
-0.32819096643782064
0.31983877243738634
-0.18790269593692718
0.06284581722291
-0.010956417733624636
0.0007934558671664674
1.1175823565108932e-7
-2.01431180584053e-9
0.008781603142616383
-0.03225553483830543
0.16212613932979994
-0.26834882763889173
0.274618863866354
-0.1664979321266973
0.05682445016054854
-0.010009885388455177
0.000719711149108427
2.2100355006206994e-6
2.014309360420509e-9
0.04839480352275678
-0.3143746918646802
0.9821646958274056
-1.5472751812936691
1.4166195751157449
-0.757734058698637
0.22913190506020384
-0.036144497729396194
0.0024113844285718186
-0.000016720590524659685
4.3915215684208603e-8
0.029154209257043602
-0.17491864732393952
0.5879753259482224
-1.0036360331092486
0.9985588915526017
-0.570071562448982
0.17976926827979903
-0.02874514809610476
0.0018304504753788719
2.2944705387043374e-6
-4.3915087981885553e-8
0.029154209257043602
-0.17491864732393952
0.5879753259482224
-1.0036360331092486
0.9985588915526017
-0.570071562448982
0.17976926827979903
-0.02874514809610476
0.0018304504753788719
2.2944705387043374e-6
-4.3915087981885553e-8
0.017563206285232766
-0.09665918217452349
0.37059400697695377
-0.6905847972815203
0.740795998119247
-0.44690261406330334
0.14602851578011075
-0.023638024076277523
0.00144736301937575
0.00001213159302851343
4.3914960280003364e-8
0.13120947930116728
-0.34658387962116055
0.43259215728535405
-0.29960079328048306
0.1189111967292273
-0.024833927774639344
0.0023023286732360964
-0.000046132371710840966
3.015208711227815e-7
0
0
0.052005718015117046
-0.11525172420467608
0.14879243355646934
-0.11311412734865424
0.05096885597165584
-0.011341447799037015
0.0009369485928128586
0.000012784038825031048
-3.01519944250576e-7
0
0
0.052005718015117046
-0.11525172420467608
0.14879243355646934
-0.11311412734865424
0.05096885597165584
-0.011341447799037015
0.0009369485928128586
0.000012784038825031048
-3.01519944250576e-7
0
0
0.020612799629057054
-0.036913745104341256
0.05491739692038471
-0.0438657370071404
0.02310135028539213
-0.005719842667522167
0.0004485659679605039
0.00002056409079368846
3.015190173815994e-7
0
0
-0.07968598980437663
0.36406524237127386
-0.7008610014107793
0.7189771096579731
-0.4221782536990051
0.14019464062023196
-0.024457098371202562
0.0018423580958507654
-0.0000295669376521162
1.1472390037777261e-7
0
-0.0480047825903251
0.19549849122222127
-0.39655110502605373
0.43786228097697055
-0.2754696382006305
0.09656686535621435
-0.017235671736003832
0.0012222667188715136
-6.237073369118977e-6
-1.1472355653266365e-7
0
-0.03158405274980033
0.13086629570549946
-0.24965065591456057
0.27838260190859343
-0.18143289738324653
0.06465647180455882
-0.011122414236497277
0.0006163544748554829
0.00001709477111441444
-1.1472355653266362e-7
0
-0.019027003232282756
0.06939453476361243
-0.1483777151459572
0.1799238709976076
-0.12429532980060322
0.04654990150401676
-0.008203948619873743
0.00041590933830286663
0.000018709127470578855
1.1472321268874765e-7
0