336.1724390248572
-1330.8786767158394
2088.090755724339
-1689.814618008171
777.9884926751116
-211.06448255880647
33.5219719336856
-2.9495568817752464
0.1242372843302209
-0.0016553468792303643
6.785766731805963e-6
-56.880147425807706
274.6156879311043
-517.6455696049135
498.5772756927532
-270.86090467800295
86.11611125387651
-15.956156766625776
1.6368765473442501
-0.08112301189567943
0.0013527899818966645
-6.785767904749128e-6
-56.880147425807706
274.6156879311043
-517.6455696049135
498.5772756927532
-270.86090467800295
86.11611125387651
-15.956156766625776
1.6368765473442501
-0.08112301189567943
0.0013527899818966645
-6.785767904749128e-6
9.624082154285077
-54.82863485563511
122.66047396055012
-139.89605114092825
89.70368980365548
-33.534418618126274
7.2894986567906415
-0.8780374372876345
0.0514988507107148
-0.0010502329799669098
6.785769077692495e-6
9.925074275312076
-27.37466661215707
29.103300148310677
-15.36902570279956
4.419735806778264
-0.7081276792121411
0.06142028708477055
-0.0026139983504444462
0.000042411042073787296
0
0
1.0361622878710648
-0.8950762894539822
-1.182901676677713
1.8318218482390134
-0.930675870517532
0.23124939428901817
-0.0298317864843428
0.0018662246069757597
-0.00004241104940468207
0
0
1.0361622878710648
-0.8950762894539822
-1.182901676677713
1.8318218482390134
-0.930675870517532
0.23124939428901817
-0.0298317864843428
0.0018662246069757597
-0.00004241104940468207
0
0
0.10817372817821455
0.11146829964034462
-0.1760187925769496
-0.048999372892152476
0.12169172505471049
-0.0556608198185369
0.011427724574448165
-0.0011184506049964579
0.00004241105673557812
0
0
-57.76275985991776
193.99763978284764
-253.6708698196346
168.00468267306013
-61.944800908134425
13.098539894527503
-1.5609194521714673
0.09710069055176977
-0.0025919832691268445
0.000016964416829514907
0
9.773419576227397
-41.317898381349345
66.05946514122893
-52.74503559230883
23.147771030789936
-5.767680235580379
0.8037646368294687
-0.05826363888005864
0.0018355907584948036
-0.000016964419761872822
0
-6.030342116338205
8.829808988835499
4.942705881690647
-14.962957058923061
10.431802127593272
-3.4855575836185153
0.6200161067316972
-0.057200092150102425
0.0022928740390371614
-0.000016964419761872816
0
1.020329773613628
-2.380719398549382
-0.10038818376428593
3.5483532707544923
-3.3018794813945407
1.356657141797619
-0.2890077011148296
0.03169943899933403
-0.0015364813459579295
0.00001696442269423124
0
0
0
0
0
0
0
0
0
0
0
0
0
0
0
0
0
0
0
0
0
0
0
0
0
0
0
0
0
0
0
0
0
0
0
0
0
0
0
0
0
0
0
0
0
0
0
0
0
0
0
0
0
0
0
0
0
0
0
0
0
0
0
0
0
0
0
0
0
0
0
0
0
0
0
0
0
0
0
0
0
0
0
0
0
0
0
0
0
0
0
0
0
0
0
0
0
0
0
0
0
0
0
0
0
0
0
0
0
0
0
0
0
0
0
0
0
0
0
0
0
0
0
0
0
0
0
0
0
0
0
0
0
0
0
0
0
0
0
0
0
0
0
0
0
0
0
0
0
0
0
0
0
0
0
0
0
0
0
0
0
0
0
0
0
0
0
0
0
0
0
0
0
0
0
0
0
0
0
0
0
0
0
0
0
0
0
0
0
0
0
0
0
0
0
0
0
0
0
0
0
0
0
0
0
0
0
0
0
0
0
0
0
0
0
0
0
0
0
0
0