367.96567413977306
-1501.2623249014373
2415.3931555432596
-1994.5479862487596
934.9506789209383
-258.8508822831106
42.41190076034266
-3.9639487609825776
0.19223998523547217
-0.0039439153848192824
0.000027829597283496683
-75.75752228472138
377.93660744757113
-732.3630441055881
721.7391590603285
-400.22489619954735
130.03504953915692
-24.81164332771452
2.6794948102985083
-0.14872761430855477
0.003447400582383077
-0.00002714402296318868
-75.75752228472138
377.93660744757113
-732.3630441055881
721.7391590603285
-400.22489619954735
130.03504953915692
-24.81164332771452
2.6794948102985083
-0.14872761430855477
0.003447400582383077
-0.00002714402296318868
15.597112953911047
-91.98609067553075
212.0624063068352
-248.05271445939803
162.73131225481504
-62.27774855838847
13.936507363606346
-1.7566632569246108
0.11297323045513075
-0.002972955344062032
0.000026475337573894588
16.750216995635064
-49.55192953512914
56.330489526532126
-31.786865586800424
9.843392808367172
-1.7298887227408943
0.170024006214539
-0.008611799494077442
0.0001739349830218542
0
0
-6.340361391205425
21.547252857400487
-27.716804161716105
17.528036138469805
-6.057557839767956
1.1882039790833037
-0.13077115981221554
0.007452800361107415
-0.00016965014351992923
0
0
-6.340361391205425
21.547252857400487
-27.716804161716105
17.528036138469805
-6.057557839767956
1.1882039790833037
-0.13077115981221554
0.007452800361107415
-0.00016965014351992923
0
0
2.399979808116166
-9.21248422691554
13.376830225402568
-9.470373548872868
3.6500350232859486
-0.7987166117528577
0.09850346339794003
-0.006345678227411895
0.00016547085983684119
0
0
-78.50799251532509
276.27683166986503
-377.3348506302145
260.24144029291205
-100.10516180778362
22.292706037409385
-2.859674343460187
0.20036712291030795
-0.006652254129839591
0.00006957399320874168
0
16.16338536580256
-71.57083646393876
119.60328526067077
-99.61492117983965
45.66927788958022
-11.97961742838944
1.7898388575409243
-0.144518097115305
0.005489983832013574
-0.00006786005740797168
0
29.717169919346432
-117.65718698124566
180.13577711208356
-138.25361356327772
59.015557052249676
-14.593714318629784
2.0869779469359946
-0.1639445392954852
0.006109637768387081
-0.00006786005740797168
0
-6.118231456417253
29.784172102534384
-55.400725816554974
51.24081878172155
-26.066183389021962
7.602513607211872
-1.2701299726196673
0.11568195882781823
-0.004985329825559918
0.00006618834393473646
0
0
0
0
0
0
0
0
0
0
0
0
0
0
0
0
0
0
0
0
0
0
0
0
0
0
0
0
0
0
0
0
0
0
0
0
0
0
0
0
0
0
0
0
0
0
0
0
0
0
0
0
0
0
0
0
0
0
0
0
0
0
0
0
0
0
0
0
0
0
0
0
0
0
0
0
0
0
0
0
0
0
0
0
0
0
0
0
0
0
0
0
0
0
0
0
0
0
0
0
0
0
0
0
0
0
0
0
0
0
0
0
0
0
0
0
0
0
0
0
0
0
0
0
0
0
0
0
0
0
0
0
0
0
0
0
0
0
0
0
0
0
0
0
0
0
0
0
0
0
0
0
0
0
0
0
0
0
0
0
0
0
0
0
0
0
0
0
0
0
0
0
0
0
0
0
0
0
0
0
0
0
0
0
0
0
0
0
0
0
0
0
0
0
0
0
0
0
0
0
0
0
0
0
0
0
0
0
0
0
0
0
0
0
0
0
0
0
0
0
0