346.6240402968277
-1386.4837350706744
2195.2533073934565
-1790.810710354073
830.8918935565413
-227.44015305418753
36.595142410123906
-3.296816025359471
0.14659921902826684
-0.002348294149691664
0.000012063984104347794
-63.01662497334288
308.08064292133855
-586.3971820949942
569.1129482908916
-311.305097143077
99.7399437810435
-18.689471281124614
1.9572913603810922
-0.10169845591019486
0.0019698023488979115
-0.00001206398401239848
-63.01662497334288
308.08064292133855
-586.3971820949942
569.1129482908916
-311.305097143077
99.7399437810435
-18.689471281124614
1.9572913603810922
-0.10169845591019486
0.0019698023488979115
-0.00001206398401239848
11.45649049509185
-66.19323610952118
149.71114302799523
-172.06828758214093
111.01188787619299
-41.76887024543622
9.165451610630237
-1.1237257697209542
0.06867238002127685
-0.001591310553873739
0.000012063983920449166
12.26748466538426
-34.71106176485206
37.83721272543827
-20.49832785787737
6.069701098049381
-1.0094889519684838
0.09221793983644368
-0.004228557768859615
0.00007539990065217377
0
0
-0.9067198480806129
5.005403310837153
-8.149080028309024
5.947383471197425
-2.2729933365539234
0.4813157190204838
-0.05613962640756049
0.0033176872585296293
-0.00007539990007749055
0
0
-0.9067198480806129
5.005403310837153
-8.149080028309024
5.947383471197425
-2.2729933365539234
0.4813157190204838
-0.05613962640756049
0.0033176872585296293
-0.00007539990007749055
0
0
0.0670178855183885
-0.5502949691585267
1.4831756759308388
-1.5232218500986676
0.765337087038251
-0.20772052609463942
0.031065108237905793
-0.0024068167620845964
0.00007539989950280734
0
0
-65.20893419612737
222.67160772299965
-295.8889145123653
199.06849446512604
-74.65702802727303
16.122781846643022
-1.9798158407372624
0.12930089243590234
-0.003781079240886503
0.000030159960260869498
0
11.855054680078867
-51.02007079486687
82.86130917995719
-67.13189385011842
29.91996205460806
-7.5992874293792205
1.0886999585260417
-0.08260922498225977
0.0028348497548290707
-0.00003015996003099621
0
4.8197520943026415
-29.42730956330077
57.911075639652196
-52.29554874319803
25.186390713795113
-6.870979723490318
1.067990373868794
-0.08962542061469819
0.0034167310208275616
-0.00003015996003099621
0
-0.8762361373754101
6.128815820991082
-14.772692331222533
16.24316426789114
-9.378703799056126
3.028853420729107
-0.5526308534369685
0.05436470360378683
-0.002470501544759094
0.000030159959801122925
0
0
0
0
0
0
0
0
0
0
0
0
0
0
0
0
0
0
0
0
0
0
0
0
0
0
0
0
0
0
0
0
0
0
0
0
0
0
0
0
0
0
0
0
0
0
0
0
0
0
0
0
0
0
0
0
0
0
0
0
0
0
0
0
0
0
0
0
0
0
0
0
0
0
0
0
0
0
0
0
0
0
0
0
0
0
0
0
0
0
0
0
0
0
0
0
0
0
0
0
0
0
0
0
0
0
0
0
0
0
0
0
0
0
0
0
0
0
0
0
0
0
0
0
0
0
0
0
0
0
0
0
0
0
0
0
0
0
0
0
0
0
0
0
0
0
0
0
0
0
0
0
0
0
0
0
0
0
0
0
0
0
0
0
0
0
0
0
0
0
0
0
0
0
0
0
0
0
0
0
0
0
0
0
0
0
0
0
0
0
0
0
0
0
0
0
0
0
0
0
0
0
0
0
0
0
0
0
0
0
0
0
0
0
0
0
0
0
0
0
0