325.91917744944726
-1276.50654817095
1984.4517393655026
-1593.6102172793267
728.4499400570496
-195.9856335406922
30.729211806452064
-2.635972089409724
0.10404843949629333
-0.0010369644490000852
3.016262813210672e-6
-50.91980191815662
242.29333115810746
-451.38668632763245
430.6024044335512
-231.90257654487112
73.03000807436828
-13.349952197280741
1.3357783993448935
-0.062302506644851104
0.000819043614177327
-3.0162624004726243e-6
-50.91980191815662
242.29333115810746
-451.38668632763245
430.6024044335512
-231.90257654487112
73.03000807436828
-13.349952197280741
1.3357783993448935
-0.062302506644851104
0.000819043614177327
-3.0162624004726243e-6
7.955427010079781
-44.55062233246965
98.24146522097337
-110.75157621097675
70.29034987729817
-25.996406174342592
5.57148851331134
-0.6549455540754562
0.03630104495092332
-0.0006011228389940611
3.0162619877346335e-6
8.161487088365833
-21.73655165361496
22.356489922612628
-11.4212084209986
3.157554176540918
-0.47874977157913984
0.03806858728800549
-0.0014025399862690059
0.000018851642582566695
0
0
2.7879432859180096
-5.983617252819465
4.628300910119563
-1.5130554799126943
0.1322468693459357
0.03926061661221401
-0.010370023699358896
0.000829512420011749
-0.000018851640002953902
0
0
2.7879432859180096
-5.983617252819465
4.628300910119563
-1.5130554799126943
0.1322468693459357
0.03926061661221401
-0.010370023699358896
0.000829512420011749
-0.000018851640002953902
0
0
0.9523543542175242
-1.5515642358926454
0.8078919407453944
-0.08567500072532527
-0.047307982727060965
0.01222828831615002
0.00008959824931981926
-0.00025648501057785487
0.000018851637423341462
0
0
-51.57504395155158
169.6804249268964
-217.5266199748908
141.36628731346136
-51.05707615322918
10.508278889557515
-1.200798029744376
0.06926898483532241
-0.001576713558503907
7.540657033026677e-6
0
8.057798385738044
-33.29215087001294
52.1024123158084
-40.7668197488348
17.511948806411194
-4.247523618980083
0.5683221510528266
-0.0382868814108958
0.0010319116104325903
-7.540656001181559e-6
0
-17.6179041820239
48.852891100868504
-49.58551401957522
23.019112058067062
-4.418125662523892
-0.12806327268007855
0.18693959813214076
-0.02731571670554581
0.001347502393015427
-7.540656001181559e-6
0
2.7525234881303238
-9.949294788529834
12.737856433501252
-7.467871323808185
1.9501050432400784
-0.08199026752327226
-0.06463261077911986
0.01289378797051193
-0.0008027005508581472
7.540654969336583e-6
0
0
0
0
0
0
0
0
0
0
0
0
0
0
0
0
0
0
0
0
0
0
0
0
0
0
0
0
0
0
0
0
0
0
0
0
0
0
0
0
0
0
0
0
0
0
0
0
0
0
0
0
0
0
0
0
0
0
0
0
0
0
0
0
0
0
0
0
0
0
0
0
0
0
0
0
0
0
0
0
0
0
0
0
0
0
0
0
0
0
0
0
0
0
0
0
0
0
0
0
0
0
0
0
0
0
0
0
0
0
0
0
0
0
0
0
0
0
0
0
0
0
0
0
0
0
0
0
0
0
0
0
0
0
0
0
0
0
0
0
0
0
0
0
0
0
0
0
0
0
0
0
0
0
0
0
0
0
0
0
0
0
0
0
0
0
0
0
0
0
0
0
0
0
0
0
0
0
0
0
0
0
0
0
0
0
0
0
0
0
0
0
0
0
0
0
0
0
0
0
0
0
0
0
0
0
0
0
0
0
0
0
0
0
0
0
0
0
0
0
0