357.14940205207637
-1447.875053815059
2310.530064820594
-1888.2601276926487
874.1746584104613
-238.56613736244603
38.46935221090936
-3.5369915132226897
0.16926477631015527
-0.0034715055289740405
0.00002466424268052468
-69.26990012698448
344.9256402021955
-665.230536716715
650.9521389751175
-357.88433742672066
115.17190105519988
-21.75599692273277
2.32742917236752
-0.12847047458989133
0.0030042188677877352
-0.000024022460587903342
-69.26990012698448
344.9256402021955
-665.230536716715
650.9521389751175
-357.88433742672066
115.17190105519988
-21.75599692273277
2.32742917236752
-0.12847047458989133
0.0030042188677877352
-0.000024022460587903342
13.435047170827318
-79.33279318911957
182.63659397218524
-212.76328726283984
138.8369477789454
-52.84498292586959
11.77064179750136
-1.4798574039535166
0.0954457557866559
-0.002558900020389506
0.00002339737814666577
16.25227836511579
-47.67716482107079
53.99701899030272
-30.49239736523242
9.452774752667304
-1.6562636307161205
0.1608501697375667
-0.007939862548858163
0.00015415151675327938
0
0
-6.054911136360139
20.37016852161641
-26.16058823326253
16.634313075390182
-5.780830323141281
1.1338824722167329
-0.1234892049012071
0.006864109362414196
-0.00015014037867439595
0
0
-6.054911136360139
20.37016852161641
-26.16058823326253
16.634313075390182
-5.780830323141281
1.1338824722167329
-0.1234892049012071
0.006864109362414196
-0.00015014037867439595
0
0
2.25580365076136
-8.560571931837096
12.416312568299796
-8.874137296140342
3.4564500776639644
-0.7592609445947903
0.09286418938552574
-0.005838964067801625
0.0001462336134166611
0
0
-76.18721349468689
266.18075041372623
-361.04986648116477
247.48431977519928
-94.58975254420088
20.889974199871357
-2.6478487652579297
0.18236453654519827
-0.005927354420989184
0.00006166060670131172
0
14.776675081653055
-65.30168613947188
108.6768737993912
-90.18666510977829
41.24401110705655
-10.792843980366596
1.6060982415341218
-0.1286956245341106
0.004830731504194054
-0.00006005615146975838
0
28.384131570585527
-111.39190507196595
169.690990401716
-130.0244039546167
55.41059545675564
-13.633259718231873
1.9286777720874093
-0.14883580251571424
0.005425459410240963
-0.00006005615146975836
0
-5.50516379920736
26.699559080960423
-49.50567211984826
45.7853656803134
-23.339478157681803
6.81557040070899
-1.135935909813996
0.10262583064689232
-0.004366417839047206
0.00005849344536666443
0
0
0
0
0
0
0
0
0
0
0
0
0
0
0
0
0
0
0
0
0
0
0
0
0
0
0
0
0
0
0
0
0
0
0
0
0
0
0
0
0
0
0
0
0
0
0
0
0
0
0
0
0
0
0
0
0
0
0
0
0
0
0
0
0
0
0
0
0
0
0
0
0
0
0
0
0
0
0
0
0
0
0
0
0
0
0
0
0
0
0
0
0
0
0
0
0
0
0
0
0
0
0
0
0
0
0
0
0
0
0
0
0
0
0
0
0
0
0
0
0
0
0
0
0
0
0
0
0
0
0
0
0
0
0
0
0
0
0
0
0
0
0
0
0
0
0
0
0
0
0
0
0
0
0
0
0
0
0
0
0
0
0
0
0
0
0
0
0
0
0
0
0
0
0
0
0
0
0
0
0
0
0
0
0
0
0
0
0
0
0
0
0
0
0
0
0
0
0
0
0
0
0
0
0
0
0
0
0
0
0
0
0
0
0
0
0
0
0
0
0