662.0513124596586
-2613.9342137308345
4074.4131629265094
-3261.1016328674827
1479.0514286016964
-393.955476122716
61.29098990843402
-5.285420071724846
0.2204141165533251
-0.0030896641999513196
0.000013570079859195202
-107.7488662192223
520.5659939390964
-981.3968247657095
943.9925262179454
-511.1341455863224
161.6308978143562
-29.733249161813323
3.026858137682327
-0.1495602379414042
0.002570295331418228
-0.000013570082014977499
-107.7488662192223
520.5659939390964
-981.3968247657095
943.9925262179454
-511.1341455863224
161.6308978143562
-29.733249161813323
3.026858137682327
-0.1495602379414042
0.002570295331418228
-0.000013570082014977499
17.536130437374922
-100.20748951506954
225.19782923598268
-258.3874453228734
166.79728655909713
-62.78048194917888
13.737898493339399
-1.666057605553237
0.09858422510154383
-0.0020509262978681644
0.000013570084170760142
19.217321879831328
-53.115977037633236
57.29823196693098
-31.08726925444281
9.226005196055683
-1.5179812569909912
0.1328778637411211
-0.0055136738191299784
0.00008481299911996997
0
0
0.4565883106459239
2.3183012469920667
-6.46779224383952
5.802040690423097
-2.4954119520214446
0.568423112873977
-0.06876565360067045
0.0040364332092627415
-0.00008481301259360936
0
0
0.4565883106459239
2.3183012469920667
-6.46779224383952
5.802040690423097
-2.4954119520214446
0.568423112873977
-0.06876565360067045
0.0040364332092627415
-0.00008481301259360936
0
0
0.010848175761540263
0.14014595641141667
0.32734488989454286
-0.7803337807263812
0.5467742174654412
-0.17952650531017228
0.030383469544888304
-0.002559192130037899
0.00008481302606725089
0
0
-112.79562567981989
378.55332134386987
-495.46571863485747
329.44923551065426
-122.12512581965781
25.921091463983217
-3.084922077398458
0.18987593466945762
-0.004964815013765145
0.000033925199647988
0
18.357490654818317
-77.8202297946299
125.2654590417947
-101.25583814054572
45.19575881704421
-11.470262585902944
1.6234491591338995
-0.11834995479288452
0.003666392404074778
-0.00003392520503744375
0
-2.6799345142597453
-12.020330395318584
46.62457007149776
-53.03151753484243
28.783608548724427
-8.420911651741543
1.3622718723326936
-0.11616981205531973
0.004373919208175889
-0.000033925205037443754
0
0.4361594033858889
1.5711564423232085
-9.547952697346178
14.07024913457394
-9.489745488905278
3.3800167843049196
-0.6578963766762415
0.06725926817736144
-0.003075496298342786
0.000033925210426900356
0
0
0
0
0
0
0
0
0
0
0
0
0
0
0
0
0
0
0
0
0
0
0
0
0
0
0
0
0
0
0
0
0
0
0
0
0
0
0
0
0
0
0
0
0
0.010404436144595613
-0.036544366808683726
0.06435315117845676
-0.06636061394953534
0.04319773517899248
-0.01706358482436624
0.00405027170634069
-0.0005404221227330367
0.000032952872479730084
-1.2849348515446646e-7
1.295121171568424e-10
-0.00981393230855825
0.03340000636472022
-0.057450420574708144
0.058128093534203534
-0.03740107149254411
0.014743897053985473
-0.0035285222323281308
0.00047863089552092176
-0.000030005008237028564
1.2270279913173943e-7
-1.2951217616983635e-10
-0.00981393230855825
0.03340000636472022
-0.057450420574708144
0.058128093534203534
-0.03740107149254411
0.014743897053985473
-0.0035285222323281308
0.00047863089552092176
-0.000030005008237028564
1.2270279913173943e-7
-1.2951217616983635e-10
0.009256942521290935
-0.030494848130468506
0.051234027256647774
-0.05089830170682882
0.03238601981523851
-0.012741768322147035
0.0030733393742958747
-0.0004235714049895079
0.0000273160570250448
-1.1691210783186218e-7
1.2951223518285722e-10
0.020808872289191243
-0.13646274750687623
0.36821805666884777
-0.5255360956521645
0.426380506625309
-0.19888283928562725
0.05256093049853532
-0.007362921124572906
0.0004447576508398376
-3.9111225196870595e-6
9.324872435292655e-9
-0.019627864617116512
0.1299735688442808
-0.3493496139848393
0.4916039983714224
-0.39101463905664985
0.17899534758174646
-0.046682820272984135
0.00650716109272763
-0.00039549447332930254
3.6860745496702217e-6
-9.32487668422822e-9
-0.019627864617116512
0.1299735688442808
-0.3493496139848393
0.4916039983714224
-0.39101463905664985
0.17899534758174646
-0.046682820272984135
0.00650716109272763
-0.00039549447332930254
3.6860745496702217e-6
-9.32487668422822e-9
0.018513885042581883
-0.12378141258326486
0.33151263238856177
-0.4595787230968264
0.35830376879188996
-0.1610290190383875
0.041462915554454936
-0.005751180220212278
0.00035166268082252914
-3.4610263745635837e-6
9.324880933165722e-9
0.0011820311074370736
-0.004394673084553479
0.004939677080500773
-0.0016591951043697303
0.00030252674687763364
-0.000058711097141676065
7.537054290128716e-6
-5.317774154567649e-7
6.839858687345737e-8
0
0
0.0014748129622369048
-0.003732479311881731
0.0032428502221175724
-0.002132479031795405
0.0005643668780295333
-0.000059101554569479804
6.832830281777335e-6
-6.307317604952918e-7
-6.839861803969482e-8
0
0
0.0014748129622369048
-0.003732479311881731
0.0032428502221175724
-0.002132479031795405
0.0005643668780295333
-0.000059101554569479804
6.832830281777335e-6
-6.307317604952918e-7
-6.839861803969482e-8
0
0
0.0018401150865632236
-0.002472619780561839
0.0029954093078786064
-0.0017485667587378354
0.000811856665941505
-0.00015793665651111697
-1.4445982959217275e-6
1.793241995856393e-6
6.839864920594645e-8
0
0
-0.004959509487490609
0.02548149208769477
-0.04924247373152658
0.044204217456558045
-0.018907732881088244
0.004161062710306827
-0.0005713348788979224
0.00006870842906480167
-5.394486037493884e-6
2.5254862845584265e-8
0
0.004678032496664142
-0.024334584319949386
0.046506486021712576
-0.040492699991882694
0.016905501402212288
-0.003697595941966866
0.0005093757160763656
-0.00006074048392377791
4.784978750134931e-6
-2.5254874353118093e-8
0
-0.006187949566189774
0.02444748348692596
-0.03875562702832236
0.03455930974221026
-0.020260108044808798
0.006707850234682113
-0.000997842266798669
0.000024945423288469897
4.96525424878263e-6
-2.5254874353118093e-8
0
0.005836752451299621
-0.023433394287691554
0.036186086760354196
-0.03191890688184716
0.018400710623717113
-0.00595820810978778
0.0008768656769386072
-0.00002255412440479619
-4.355746488114697e-6
2.5254885860657158e-8
0