14.363733170209443
-18.143662710932404
7.680178151163181
-1.231958212516525
0.06622307687784938
0
0
0
0
0
0
-0.7559857238046755
1.4854456263992484
-1.0013873685676267
0.26640183260006917
-0.02128238161605433
0
0
0
0
0
0
-0.7559857238046755
1.4854456263992484
-1.0013873685676267
0.26640183260006917
-0.02128238161605433
0
0
0
0
0
0
0.03978871006750586
-0.10610322684668154
0.10372876315876836
-0.043991038125750906
0.006839606200823759
0
0
0
0
0
0
0.01967102751112014
-0.0157368225310706
0.003147364610649023
0
0
0
0
0
0
0
0
-0.008591490357671646
0.006873192400169414
-0.0013746385028403025
0
0
0
0
0
0
0
0
-0.008591490357671646
0.006873192400169414
-0.0013746385028403025
0
0
0
0
0
0
0
0
0.003752407266180559
-0.003001925812944445
0.0006003851625888886
0
0
0
0
0
0
0
0
-0.5315537511424209
0.5483396616707197
-0.17037986878434558
0.014437041545054605
0
0
0
0
0
0
0
0.027976504613155154
-0.04849260836745873
0.02652003059101099
-0.00463969120817844
0
0
0
0
0
0
0
0.23216067004850888
-0.2394920576820679
0.07441487033109558
-0.006305501786411932
0
0
0
0
0
0
0
-0.01221897887588243
0.021179563384862814
-0.011582851110619366
0.002026424950726166
0
0
0
0
0
0
0
0
0
0
0
0
0
0
0
0
0
0
0
0
0
0
0
0
0
0
0
0
0
0
0
0
0
0
0
0
0
0
0
0
0
0
0
0
0
0
0
0
0
0
0
0.034615485600459156
-0.09034478868635375
0.08961135238521979
-0.04001376348018315
0.006790207047554329
0
0
0
0
0
0
0.03590839567268977
-0.09431387285785792
0.09358137207912237
-0.04157198017325701
0.006976050955768718
0
0
0
0
0
0
0.03590839567268977
-0.09431387285785792
0.09358137207912237
-0.04157198017325701
0.006976050955768718
0
0
0
0
0
0
0.03724959674606853
-0.09845341534907655
0.09773315849258363
-0.043185518108098564
0.007166981300667365
0
0
0
0
0
0
0.06923097120091831
-0.18657909611731946
0.1900795014876835
-0.08674032679984771
0.014962927188374175
0
0
0
0
0
0
0.07181679134537951
-0.1929532925236602
0.1941274880726701
-0.08667136900466837
0.014475638942481928
0
0
0
0
0
0
0.07181679134537951
-0.1929532925236602
0.1941274880726701
-0.08667136900466837
0.014475638942481928
0
0
0
0
0
0
0.07449919349213703
-0.19954335861947162
0.19821779791122368
-0.0865149085568593
0.014004219906644334
0
0
0
0
0
0
0.000022507772955549098
-0.00001800621836443928
3.6012436728878557e-6
0
0
0
0
0
0
0
0
0.00027716118484230357
-0.00022172894787384287
0.000044345789574768573
0
0
0
0
0
0
0
0
0.00027716118484230357
-0.00022172894787384287
0.000044345789574768573
0
0
0
0
0
0
0
0
0.003412968601331618
-0.0027303748810652943
0.0005460749762130589
0
0
0
0
0
0
0
0
-0.0012482928267367468
0.0021814063984181777
-0.0012531650686646416
0.00023213174463009945
0
0
0
0
0
0
0
-0.0012949173458149865
0.002252161257797428
-0.0012551078677689
0.000224572055992131
0
0
0
0
0
0
0
-0.01537150386098991
0.026861883812414625
-0.015431500749542162
0.0028584751369338792
0
0
0
0
0
0
0
-0.01594563915975752
0.02773316062410241
-0.015455424418165904
0.002765384973634458
0
0
0
0
0
0
0