3.019951720402016052e-02
3.090295432513590415e-02
3.162277660168379134e-02
3.235936569296282705e-02
3.311311214825911342e-02
3.388441561392025597e-02
3.467368504525316503e-02
3.548133892335755130e-02
3.630780547701013827e-02
3.715352290971726118e-02
3.801893963205612431e-02
3.890451449942806950e-02
3.981071705534973415e-02
4.073802778041125949e-02
4.168693834703354750e-02
4.265795188015925749e-02
4.365158322401658381e-02
4.466835921509629964e-02
4.570881896148749207e-02
4.677351412871981473e-02
4.786300923226382426e-02
4.897788193684461666e-02
5.011872336272722023e-02
5.128613839913648276e-02
5.248074602497725810e-02
5.370317963702526953e-02
5.495408738576245539e-02
5.623413251903491145e-02
5.754399373371569398e-02
5.888436553555889685e-02
6.025595860743578058e-02
6.165950018614822087e-02
6.309573444801933051e-02
6.456542290346556356e-02
6.606934480075961347e-02
6.760829753919818386e-02
6.918309709189363055e-02
7.079457843841380216e-02
7.244359600749898653e-02
7.413102413009177438e-02
7.585775750291835762e-02
7.762471166286918911e-02
7.943282347242813790e-02
8.128305161640990428e-02
8.317637711026708291e-02
8.511380382023762958e-02
8.709635899560805306e-02
8.912509381337455072e-02
9.120108393559096804e-02
9.332543007969909543e-02
9.549925860214358853e-02
9.772372209558106981e-02
1.000000000000000056e-01
1.023292992280754182e-01
1.047128548050899610e-01
1.071519305237606523e-01
1.096478196143185063e-01
1.122018454301963591e-01
1.148153621496882659e-01
1.174897554939529354e-01
1.202264434617412864e-01
1.230268770812381479e-01
1.258925411794167282e-01
1.288249551693133876e-01
1.318256738556407015e-01
1.348962882591653589e-01
1.380384264602884936e-01
1.412537544622754493e-01
1.445439770745927666e-01
1.479108388168207666e-01
1.513561248436208206e-01
1.548816618912481069e-01
1.584893192461113431e-01
1.621810097358929725e-01
1.659586907437560488e-01
1.698243652461744191e-01
1.737800828749375415e-01
1.778279410038922925e-01
1.819700858609983596e-01
1.862087136662867459e-01
1.905460717963247397e-01
1.949844599758045471e-01
1.995262314968879735e-01
2.041737944669529681e-01
2.089296130854039202e-01
2.137962089502231933e-01
2.187761623949552314e-01
2.238721138568339486e-01
2.290867652767772933e-01
2.344228815319921999e-01
2.398832919019490417e-01
2.454708915685030468e-01
2.511886431509580131e-01
2.570395782768863935e-01
2.630267991895381963e-01
2.691534803926916020e-01
2.754228703338166273e-01
2.818382931264453717e-01
2.884031503126605611e-01
2.951209226666385299e-01
3.019951720402015982e-01
3.090295432513590623e-01
3.162277660168379412e-01
3.235936569296282705e-01
3.311311214825911065e-01
3.388441561392025458e-01
3.467368504525316641e-01
3.548133892335754713e-01
3.630780547701014105e-01
3.715352290971725702e-01
3.801893963205612570e-01
3.890451449942806672e-01
3.981071705534973137e-01
4.073802778041128447e-01
4.168693834703355305e-01
4.265795188015927830e-01
4.365158322401658797e-01
4.466835921509630380e-01
4.570881896148749624e-01
4.677351412871981196e-01
4.786300923226382564e-01
4.897788193684461389e-01
5.011872336272722439e-01
5.128613839913648276e-01
5.248074602497725394e-01
5.370317963702526676e-01
5.495408738576245122e-01
5.623413251903490728e-01
5.754399373371569260e-01
5.888436553555890240e-01
6.025595860743577781e-01
6.165950018614821948e-01
6.309573444801933606e-01
6.456542290346556356e-01
6.606934480075961069e-01
6.760829753919819218e-01
6.918309709189366385e-01
7.079457843841380216e-01
7.244359600749902262e-01
7.413102413009177161e-01
7.585775750291839925e-01
7.762471166286916135e-01
7.943282347242813790e-01
8.128305161640990706e-01
8.317637711026708569e-01
8.511380382023763236e-01
8.709635899560805861e-01
8.912509381337454517e-01
9.120108393559096527e-01
9.332543007969910098e-01
9.549925860214358853e-01
9.772372209558106704e-01
1.000000000000000000e+00
1.023292992280754099e+00
1.047128548050899610e+00
1.071519305237606412e+00
1.096478196143185091e+00
1.122018454301963564e+00
1.148153621496882826e+00
1.174897554939529742e+00
1.202264434617413169e+00
1.230268770812381840e+00
1.258925411794167504e+00
1.288249551693134265e+00
1.318256738556407459e+00
1.348962882591653978e+00
1.380384264602885214e+00
1.412537544622753938e+00
1.445439770745927222e+00
1.479108388168207222e+00
1.513561248436207984e+00
1.548816618912481236e+00
1.584893192461113376e+00
1.621810097358929781e+00
1.659586907437560432e+00
1.698243652461744357e+00
1.737800828749375359e+00
1.778279410038922759e+00
1.819700858609983429e+00
1.862087136662867515e+00
1.905460717963247230e+00
1.949844599758045582e+00
1.995262314968879735e+00
2.041737944669529625e+00
2.089296130854039646e+00
2.137962089502232654e+00
2.187761623949552980e+00
2.238721138568339875e+00
2.290867652767773599e+00
2.344228815319922887e+00
2.398832919019491250e+00
2.454708915685031023e+00
2.511886431509579687e+00
2.570395782768863491e+00
2.630267991895381297e+00
2.691534803926915131e+00
2.754228703338166273e+00
2.818382931264453717e+00
2.884031503126605500e+00
2.951209226666385632e+00
3.019951720402016093e+00
3.090295432513591845e+00
3.162277660168379523e+00
