0.1
0.10471285480508996
0.1096478196143185
0.1148153621496883
0.12022644346174131
0.12589254117941676
0.13182567385564073
0.13803842646028852
0.1445439770745928
0.15135612484362088
0.15848931924611143
0.16595869074375613
0.17378008287493762
0.18197008586099844
0.19054607179632482
0.19952623149688808
0.2089296130854041
0.2187761623949554
0.22908676527677746
0.23988329190194924
0.25118864315095824
0.2630267991895384
0.2754228703338169
0.28840315031266084
0.30199517204020193
0.3162277660168383
0.33113112148259144
0.346736850452532
0.36307805477010174
0.38018939632056165
0.39810717055349776
0.4168693834703359
0.43651583224016655
0.45708818961487563
0.47863009232263903
0.501187233627273
0.5248074602497733
0.5495408738576254
0.5754399373371578
0.6025595860743587
0.6309573444801941
0.660693448007597
0.6918309709189374
0.7244359600749911
0.7585775750291848
0.7943282347242826
0.8317637711026722
0.8709635899560819
0.912010839355911
0.9549925860214373
1.0000000000000013
1.047128548050901
1.0964781961431866
1.1481536214968844
1.2022644346174147
1.258925411794169
1.318256738556409
1.3803842646028868
1.4454397707459297
1.5135612484362102
1.5848931924611156
1.6595869074375629
1.7378008287493778
1.8197008586099859
1.9054607179632497
1.9952623149688824
2.0892961308540423
2.1877616239495556
2.2908676527677767
2.3988329190194944
2.511886431509584
2.630267991895386
2.754228703338171
2.884031503126611
3.0199517204020214
3.162277660168385
3.311311214825917
3.467368504525323
3.63078054770102
3.8018939632056195
3.9810717055349802
4.168693834703363
4.365158322401669
4.57088189614876
4.786300923226394
5.0118723362727335
5.248074602497738
5.495408738576258
5.754399373371583
6.025595860743592
6.309573444801948
6.606934480075976
6.918309709189382
7.244359600749919
7.585775750291857
7.943282347242835
8.317637711026732
8.70963589956083
9.120108393559123
9.549925860214387
10.000000000000025
