2.500d-01
7.500d-01
1.250d+00
1.750d+00
2.250d+00
2.750d+00
3.250d+00
3.750d+00
4.250d+00
4.750d+00
5.250d+00
5.750d+00
6.250d+00
6.750d+00
7.250d+00
7.750d+00
8.250d+00
8.750d+00
9.250d+00
9.750d+00
1.025d+01
1.075d+01
1.125d+01
1.175d+01
1.225d+01
1.275d+01
1.325d+01
1.375d+01
1.425d+01
1.475d+01
1.525d+01
1.575d+01
1.625d+01
1.675d+01
1.725d+01
1.775d+01
1.825d+01
1.875d+01
1.925d+01
1.975d+01
2.025d+01
2.075d+01
2.125d+01
2.175d+01
2.225d+01
2.275d+01
2.325d+01
2.375d+01
2.425d+01
2.475d+01
2.525d+01
2.575d+01
2.625d+01
2.675d+01
2.725d+01
2.775d+01
2.825d+01
2.875d+01
2.925d+01
2.975d+01
3.025d+01
3.075d+01
3.125d+01
3.175d+01
3.225d+01
3.275d+01
3.325d+01
3.375d+01
3.425d+01
3.475d+01
3.525d+01
3.575d+01
3.625d+01
3.675d+01
3.725d+01
3.775d+01
3.825d+01
3.875d+01
3.925d+01
3.975d+01
4.025d+01
4.075d+01
4.125d+01
4.175d+01
4.225d+01
4.275d+01
4.325d+01
4.375d+01
4.425d+01
4.475d+01
4.525d+01
4.575d+01
4.625d+01
4.675d+01
4.725d+01
4.775d+01
4.825d+01
4.875d+01
4.925d+01
4.975d+01
5.025d+01
5.075d+01
5.125d+01
5.175d+01
5.225d+01
5.275d+01
5.325d+01
5.375d+01
5.425d+01
5.475d+01
5.525d+01
5.575d+01
5.625d+01
5.675d+01
5.725d+01
5.775d+01
5.825d+01
5.875d+01
5.925d+01
5.975d+01
6.025d+01
6.075d+01
6.125d+01
6.175d+01
6.225d+01
6.275d+01
6.325d+01
6.375d+01
6.425d+01
6.475d+01
6.525d+01
6.575d+01
6.625d+01
6.675d+01
6.725d+01
6.775d+01
6.825d+01
6.875d+01
6.925d+01
6.975d+01
7.025d+01
7.075d+01
7.125d+01
7.175d+01
7.225d+01
7.275d+01
7.325d+01
7.375d+01
7.425d+01
7.475d+01
7.525d+01
7.575d+01
7.625d+01
7.675d+01
7.725d+01
7.775d+01
7.825d+01
7.875d+01
7.925d+01
7.975d+01
8.025d+01
8.075d+01
8.125d+01
8.175d+01
8.225d+01
8.275d+01
8.325d+01
8.375d+01
8.425d+01
8.475d+01
8.525d+01
8.575d+01
8.625d+01
8.675d+01
8.725d+01
8.775d+01
8.825d+01
8.875d+01
8.925d+01
8.975d+01
9.025d+01
9.075d+01
9.125d+01
9.175d+01
9.225d+01
9.275d+01
9.325d+01
9.375d+01
9.425d+01
9.475d+01
9.525d+01
9.575d+01
9.625d+01
9.675d+01
9.725d+01
9.775d+01
9.825d+01
9.875d+01
9.925d+01
9.975d+01
