0.000000000000000000e+00 0.000000000000000000e+00 0.000000000000000000e+00 0.000000000000000000e+00 0.000000000000000000e+00 0.000000000000000000e+00 0.000000000000000000e+00 0.000000000000000000e+00 0.000000000000000000e+00 0.000000000000000000e+00 0.000000000000000000e+00
2.698847211642657606e-06 2.696410418290079585e-06 2.436636769947986323e-09 1.565820223481395668e-13 6.078471059822731872e-19 0.000000000000000000e+00 0.000000000000000000e+00 0.000000000000000000e+00 0.000000000000000000e+00 0.000000000000000000e+00 0.000000000000000000e+00
4.517853394399939843e-06 4.512384596861926129e-06 5.468307003980709903e-09 4.905309936020785577e-13 3.039235529911366032e-18 0.000000000000000000e+00 0.000000000000000000e+00 0.000000000000000000e+00 0.000000000000000000e+00 0.000000000000000000e+00 0.000000000000000000e+00
7.354444868189360959e-06 7.342602886216498549e-06 1.184051148049036762e-08 1.470478999676671980e-12 1.337263633161001070e-17 0.000000000000000000e+00 0.000000000000000000e+00 0.000000000000000000e+00 0.000000000000000000e+00 0.000000000000000000e+00 0.000000000000000000e+00
1.165449249094045522e-05 1.162972085970274361e-05 2.476740692988754930e-08 4.224252711515497400e-12 5.511147094239277154e-17 0.000000000000000000e+00 0.000000000000000000e+00 0.000000000000000000e+00 0.000000000000000000e+00 0.000000000000000000e+00 0.000000000000000000e+00
1.799739931387437961e-05 1.794728034925180835e-05 5.010731916940402757e-08 1.164523839303210926e-11 2.147726441137365448e-16 0.000000000000000000e+00 0.000000000000000000e+00 0.000000000000000000e+00 0.000000000000000000e+00 0.000000000000000000e+00 0.000000000000000000e+00
2.711018490095341767e-05 2.701199458497388772e-05 9.815946614593895470e-08 3.084903609784639464e-11 7.974954030487424740e-16 0.000000000000000000e+00 0.000000000000000000e+00 0.000000000000000000e+00 0.000000000000000000e+00 0.000000000000000000e+00 0.000000000000000000e+00
3.987327827458956507e-05 3.968679533114322159e-05 1.864043091599987156e-07 7.863146005704368716e-11 2.826286427115576516e-15 0.000000000000000000e+00 0.000000000000000000e+00 0.000000000000000000e+00 0.000000000000000000e+00 0.000000000000000000e+00 0.000000000000000000e+00
5.731472904367598131e-05 5.697102705715913960e-05 3.435088869723101979e-07 1.930899691193754785e-10 9.575415460538749921e-15 0.000000000000000000e+00 0.000000000000000000e+00 0.000000000000000000e+00 0.000000000000000000e+00 0.000000000000000000e+00 0.000000000000000000e+00
1.064032608250579806e-04 1.055907604367861420e-04 8.118964918187855506e-07 6.038554479993657902e-10 4.100477889445323803e-14 2.675137746651785799e-19 0.000000000000000000e+00 0.000000000000000000e+00 0.000000000000000000e+00 0.000000000000000000e+00 0.000000000000000000e+00
1.932510304724796525e-04 1.913846927768407590e-04 1.864515250173943030e-06 1.822277262365035344e-09 1.682011723333386622e-13 1.411693578461656452e-18 0.000000000000000000e+00 0.000000000000000000e+00 0.000000000000000000e+00 0.000000000000000000e+00 0.000000000000000000e+00
3.237952061296027386e-04 3.198666369910157918e-04 3.923563274060248164e-06 5.005241012922676149e-09 6.235063582358938946e-13 7.451661247616046395e-18 0.000000000000000000e+00 0.000000000000000000e+00 0.000000000000000000e+00 0.000000000000000000e+00 0.000000000000000000e+00
5.118786499442123895e-04 5.041274764649094579e-04 7.738370422980918320e-06 1.280091918856092989e-08 2.137098824356098842e-12 3.456701387804848309e-17 0.000000000000000000e+00 0.000000000000000000e+00 0.000000000000000000e+00 0.000000000000000000e+00 0.000000000000000000e+00
7.731655258654360771e-04 7.586480351925932019e-04 1.448660738527466264e-05 3.087642589999381908e-08 6.861514751244318574e-12 1.535063681254626588e-16 0.000000000000000000e+00 0.000000000000000000e+00 0.000000000000000000e+00 0.000000000000000000e+00 0.000000000000000000e+00
1.124651655084266295e-03 1.098633560962813645e-03 2.594726079492665704e-05 7.081251800027183016e-08 2.080789091864195724e-11 6.348295532165512374e-16 0.000000000000000000e+00 0.000000000000000000e+00 0.000000000000000000e+00 0.000000000000000000e+00 0.000000000000000000e+00
1.642861970126700561e-03 1.596330096188849391e-03 4.637075576661246474e-05 1.610559950316244166e-07 6.217364016876526398e-11 2.566849153554425844e-15 0.000000000000000000e+00 0.000000000000000000e+00 0.000000000000000000e+00 0.000000000000000000e+00 0.000000000000000000e+00
2.328814394924769767e-03 2.248561582473326999e-03 7.990154167320767773e-05 3.510938313205138025e-07 1.769370908866861752e-10 9.823816610900527491e-15 0.000000000000000000e+00 0.000000000000000000e+00 0.000000000000000000e+00 0.000000000000000000e+00 0.000000000000000000e+00
3.195841733011627571e-03 3.062674550145234962e-03 1.324347392962293372e-04 7.319649336295019678e-07 4.786010316534903271e-10 3.550191297548057773e-14 0.000000000000000000e+00 0.000000000000000000e+00 0.000000000000000000e+00 0.000000000000000000e+00 0.000000000000000000e+00
4.264520179758408622e-03 4.050968665685067242e-03 2.120841737554922781e-04 1.466103902570183827e-06 1.236293544896439315e-09 1.217336494989831946e-13 1.170020851745253877e-18 0.000000000000000000e+00 0.000000000000000000e+00 0.000000000000000000e+00 0.000000000000000000e+00
5.551757645770177829e-03 5.219681619851543677e-03 3.292419021438638179e-04 2.831062624878795237e-06 3.060752316838900129e-09 3.975689180360269334e-13 6.451862326292857305e-18 0.000000000000000000e+00 0.000000000000000000e+00 0.000000000000000000e+00 0.000000000000000000e+00
8.127931898732548149e-03 7.550723588431630315e-03 5.711239931044122774e-04 6.075941956455310568e-06 8.373813912376042707e-09 1.426107752054293340e-12 2.919413925077367287e-17 0.000000000000000000e+00 0.000000000000000000e+00 0.000000000000000000e+00 0.000000000000000000e+00
1.160295575219299699e-02 1.063054070728056133e-02 9.598253827747644466e-04 1.256770068269433377e-05 2.195658124429031869e-08 4.873599243048421110e-12 1.328646794949549771e-16 0.000000000000000000e+00 0.000000000000000000e+00 0.000000000000000000e+00 0.000000000000000000e+00
1.574853738166939396e-02 1.420025469246858144e-02 1.523796654110539609e-03 2.443220545279205661e-05 5.381415903949346940e-08 1.547787716800613084e-11 5.650118592153370625e-16 0.000000000000000000e+00 0.000000000000000000e+00 0.000000000000000000e+00 0.000000000000000000e+00
2.057557335078783259e-02 1.821675411391501798e-02 2.313495455678351003e-03 4.519889065697489953e-05 1.248442708380864557e-07 4.626441616921760473e-11 2.233612780293549257e-15 0.000000000000000000e+00 0.000000000000000000e+00 0.000000000000000000e+00 0.000000000000000000e+00
2.607674986433538081e-02 2.261144161252805901e-02 3.384839705679054418e-03 8.019209245895273289e-05 2.763224561155728190e-07 1.312048712046535283e-10 8.330072860340972865e-15 0.000000000000000000e+00 0.000000000000000000e+00 0.000000000000000000e+00 0.000000000000000000e+00
3.230521829436103221e-02 2.735840256231153803e-02 4.808719518315809904e-03 1.375077645829981339e-04 5.880932577659003495e-07 3.558633958489943230e-10 2.953206206643619555e-14 0.000000000000000000e+00 0.000000000000000000e+00 0.000000000000000000e+00 0.000000000000000000e+00
4.009741133524057088e-02 3.306412904699872896e-02 6.798464203206438378e-03 2.335833565233100500e-04 1.233781995123792765e-06 9.464149036791762728e-10 1.020630762999488827e-13 0.000000000000000000e+00 0.000000000000000000e+00 0.000000000000000000e+00 0.000000000000000000e+00
4.860861973187508706e-02 3.889966422765803178e-02 9.323270017089485898e-03 3.831954298816447869e-04 2.487650363809997660e-06 2.406546676923062061e-09 3.354296814053752892e-13 4.578119798621161780e-18 0.000000000000000000e+00 0.000000000000000000e+00 0.000000000000000000e+00
5.782118369978459654e-02 4.474750417978355654e-02 1.245887460986463795e-02 6.099552395223495696e-04 4.843789802101281597e-06 5.879758376858902177e-09 1.053547347292272908e-12 2.539451559257489115e-17 0.000000000000000000e+00 0.000000000000000000e+00 0.000000000000000000e+00
7.089617640998838177e-02 5.285661766145291485e-02 1.704035375232083871e-02 9.896213988999809624e-04 9.569090524940882008e-06 1.450346626204525830e-08 3.323343841798668668e-12 1.111836558151128371e-16 0.000000000000000000e+00 0.000000000000000000e+00 0.000000000000000000e+00
8.481924312713624847e-02 6.067359716634202621e-02 2.257823149159094919e-02 1.549221970430810511e-03 1.815829008985092190e-05 3.419871212186583451e-08 9.970056097733913468e-12 4.372262135251111864e-16 0.000000000000000000e+00 0.000000000000000000e+00 0.000000000000000000e+00
9.945709245196858450e-02 6.796641588060620132e-02 2.910679415481380594e-02 2.350555381913936939e-03 3.324955829680245151e-05 7.744775327053722502e-08 2.858293463895499890e-11 1.634849232427948867e-15 0.000000000000000000e+00 0.000000000000000000e+00 0.000000000000000000e+00
1.198446771226984453e-01 7.788401404436687270e-02 3.827465212820565371e-02 3.624227539407875835e-03 6.160666787376461312e-05 1.766607041994423855e-07 8.213402873700182526e-11 6.053964118953255252e-15 0.000000000000000000e+00 0.000000000000000000e+00 0.000000000000000000e+00
1.429489282904221892e-01 8.792176256778036492e-02 4.944546437237577058e-02 5.470036980865950263e-03 1.112730858919028194e-04 3.910555419023472498e-07 2.279447920042233941e-10 2.151962299340725380e-14 0.000000000000000000e+00 0.000000000000000000e+00 0.000000000000000000e+00
1.671344084112408312e-01 9.680204137752335125e-02 6.213467017909225093e-02 8.002833909250122238e-03 1.940302978147895774e-04 8.320422662861781733e-07 6.052211703887520840e-10 7.285516606138245748e-14 0.000000000000000000e+00 0.000000000000000000e+00 0.000000000000000000e+00
1.925010814990584795e-01 1.044433324706837696e-01 7.632148128721108482e-02 1.140624891103637559e-02 3.283068024570628724e-04 1.710481896870678874e-06 1.545537224564207096e-09 2.360758430303009296e-13 0.000000000000000000e+00 0.000000000000000000e+00 0.000000000000000000e+00
2.183379965190596073e-01 1.103690012749855287e-01 9.159437529858988070e-02 1.583229886094543459e-02 5.389202213216188250e-04 3.397066572154571996e-06 3.795912681435620262e-09 7.322670444250827560e-13 2.749730738908705137e-17 0.000000000000000000e+00 0.000000000000000000e+00
2.443969563829866687e-01 1.144586999040699549e-01 1.076227304160637388e-01 2.144877264163440669e-02 8.602109290376198708e-04 6.533501004849556300e-06 8.988996076273805482e-09 2.179911026494321905e-12 9.041209801241441578e-17 0.000000000000000000e+00 0.000000000000000000e+00
2.705450623887616923e-01 1.167146132920893753e-01 1.240588551460438671e-01 2.842126437446306289e-02 1.338111887866237464e-03 1.219710804233934239e-05 2.057401264547251727e-08 6.243776305682688563e-12 3.276721432322146441e-16 0.000000000000000000e+00 0.000000000000000000e+00
2.967529865381712817e-01 1.172337050677012965e-01 1.405559908812239467e-01 3.690831709663303789e-02 2.032777504793203266e-03 2.215035381063318559e-05 4.561676055537565461e-08 1.724744885337016416e-11 1.168103067196056655e-15 0.000000000000000000e+00 0.000000000000000000e+00
3.229329341223039496e-01 1.161267413582505459e-01 1.567115413007557356e-01 4.703526590296951138e-02 3.020096825691861130e-03 3.919055189678661541e-05 9.813670778217884706e-08 4.602773500075310863e-11 3.973812195465048666e-15 0.000000000000000000e+00 0.000000000000000000e+00
3.495869969302383140e-01 1.137339300287525390e-01 1.723996002438136221e-01 5.898474078295019157e-02 4.400765246749731817e-03 6.775503261742966271e-05 2.054763016698832720e-07 1.190402328195741067e-10 1.292956148431958769e-14 0.000000000000000000e+00 0.000000000000000000e+00
3.762322926775312215e-01 1.100600800943654506e-01 1.870186175038875687e-01 7.275197475126453373e-02 6.286777506811370986e-03 1.144239134083023215e-04 4.186094343637697598e-07 2.983189986220459343e-10 4.063196822717946271e-14 0.000000000000000000e+00 0.000000000000000000e+00
4.070373355545501837e-01 1.064027419357536641e-01 2.022886930311966758e-01 8.924923324891885501e-02 8.904905750055036595e-03 1.909214760633995954e-04 8.393796048777916606e-07 7.328330481310454611e-10 1.245736792336894975e-13 0.000000000000000000e+00 0.000000000000000000e+00
4.434593386212153376e-01 1.029471848257702965e-01 2.185614979234895838e-01 1.091024720097138329e-01 1.253112880944488167e-02 3.153931489370648505e-04 1.660134853953590650e-06 1.768632026519888072e-09 3.736236885014415117e-13 2.524996205321629526e-17 0.000000000000000000e+00
4.741116957888408812e-01 9.713627185609720327e-02 2.298674693459290819e-01 1.295263908371344086e-01 1.707558298029722768e-02 5.028194751000610160e-04 3.157204807314221055e-06 4.088406473009521442e-09 1.069090852478571911e-12 5.371775964619495067e-17 0.000000000000000000e+00
5.021406071470884136e-01 9.023470785615142487e-02 2.375862921432033981e-01 1.507816052682204033e-01 2.275092015324539640e-02 7.812418476776205982e-04 5.830732880130028642e-06 9.142762448882216702e-09 2.947338145383708548e-12 1.983060710287198857e-16 0.000000000000000000e+00
5.299802152685978429e-01 8.301954153574285511e-02 2.427791488440825818e-01 1.731584397934977371e-01 2.982215471553636629e-02 1.190387090859716451e-03 1.052337457186594814e-05 1.990642606033574156e-08 7.879953768990062230e-12 6.555999475009506297e-16 0.000000000000000000e+00
5.548762977760827164e-01 7.530761860928823770e-02 2.441745612974356994e-01 1.953114688182243375e-01 3.829287568370941253e-02 1.771247503928233659e-03 1.848381605919953034e-05 4.202708596974443709e-08 2.034970782223065554e-11 2.053627678526772112e-15 0.000000000000000000e+00
5.791974044198885396e-01 6.769746186425204537e-02 2.429550340431517186e-01 2.175037867293208582e-01 4.842165665276051273e-02 2.587609330913645273e-03 3.176923316366568910e-05 8.651527244446751410e-08 5.104735421300458319e-11 6.416974245555779178e-15 0.000000000000000000e+00
6.128372165986794018e-01 6.132138448900804201e-02 2.431825774903382809e-01 2.431825774903382809e-01 6.132138448900804201e-02 3.774768661365622818e-03 5.434721019695435844e-05 1.766418679834520984e-07 1.265365248549090961e-10 1.968332401581968307e-14 0.000000000000000000e+00
6.472228084714197749e-01 5.511903930502730364e-02 2.411441031514094668e-01 2.688477500890828487e-01 7.660406131177280309e-02 5.416345297910942803e-03 9.115660013850474788e-05 3.524106425876004304e-07 3.053770425365748168e-10 5.837825375752186453e-14 0.000000000000000000e+00
6.700238036931237540e-01 4.828643609621081911e-02 2.326772646923030152e-01 2.886739993405142424e-01 9.272823977946156870e-02 7.509902840152334579e-03 1.472852290926674813e-04 6.750101758633050393e-07 7.050480838800817299e-10 1.651656711212980751e-13 0.000000000000000000e+00
6.923288667341355174e-01 4.198460784757867409e-02 2.224759663198705162e-01 3.066033670970395586e-01 1.107811329665667338e-01 1.024900331665590768e-02 2.335230152572032362e-04 1.264584121875741467e-06 1.586591448931266358e-09 4.536224287979670933e-13 3.854383794697655682e-17
7.098773036996331998e-01 3.602563570666532378e-02 2.095993026141095283e-01 3.203025146894716291e-01 1.298944234376396278e-01 1.369175744153959019e-02 3.613615437344984914e-04 2.304803649457969903e-06 3.461619809744569177e-09 1.203668406979812557e-12 7.898864107227172188e-17
7.261069818443932622e-01 3.067199964940678369e-02 1.956304759635490997e-01 3.309324836181223861e-01 1.503132861540376342e-01 1.800574680055976734e-02 5.488719864859530756e-04 4.110303717438622555e-06 7.365410373199815746e-09 3.103594744711507613e-12 3.230093272495617283e-16
7.449132537872870108e-01 2.605426067255675951e-02 1.818989353980367818e-01 3.400469532588143440e-01 1.726392878513231810e-01 2.344352354191093710e-02 8.230630702033904815e-04 7.214612401537853126e-06 1.537421535050370093e-08 7.823747582597464371e-12 9.523179703197657853e-16
7.653700451326852505e-01 2.205218836036849234e-02 1.682713425533523821e-01 3.470681981015542594e-01 1.965623681992008376e-01 3.018623449977065124e-02 1.217230358427515884e-03 1.245158716677912606e-05 3.145357657948532422e-08 1.926502933138304337e-11 2.806906016886314352e-15
7.857827983692392548e-01 1.855766635540333567e-02 1.545425328139080623e-01 3.511189237018818576e-01 2.214075102879209667e-01 3.836301259803612945e-02 1.771997956319059514e-03 2.109165044858931962e-05 6.295905472469753924e-08 4.625834166999956751e-11 8.250346870250900581e-15
8.017373939083650702e-01 1.544490267140414402e-02 1.401664211036081908e-01 3.502449708850270960e-01 2.454453030739039976e-01 4.787437988301595365e-02 2.526403828104116511e-03 3.488966480826425661e-05 1.226906840323293038e-07 1.077858515089062113e-10 2.337863782592713125e-14
8.174290421185305133e-01 1.278453769619929473e-02 1.262567328748456508e-01 3.464479469498696340e-01 2.693275473485469695e-01 5.900686394962535025e-02 3.548481629191786377e-03 5.669725235270434182e-05 2.341726358758192971e-07 2.451990793830008396e-10 6.428060113999860598e-14
8.263392118485353155e-01 1.044438593553160231e-02 1.120851706586190322e-01 3.372358743169158179e-01 2.903177854794739554e-01 7.129220134895737637e-02 4.873514215770756094e-03 8.984479682727476517e-05 4.345556359319451842e-07 5.406327296068720587e-10 1.707411322168435353e-13
8.352295988059097454e-01 8.493469599317305871e-03 9.890982722207504463e-02 3.258261716937568275e-01 3.100849706980658427e-01 8.517186830869918901e-02 6.602437598281891973e-03 1.400614862261338181e-04 7.910333240329684256e-07 1.165721203239896218e-09 4.422389907315325878e-13
8.441046430427178171e-01 6.876259142847740598e-03 8.677550291403587912e-02 3.125178080716519147e-01 3.282477015579190471e-01 1.006446941154377633e-01 8.826370208116569166e-03 2.148914172670131643e-04 1.413154931635775272e-06 2.459393175347030703e-09 1.117136433563647785e-12
8.526183805634405255e-01 5.540709683596135859e-03 7.566770173900412566e-02 2.975091586234858698e-01 3.443143674027551171e-01 1.176169708528130298e-01 1.164250743875184721e-02 3.244820217682552362e-04 2.477721012443018136e-06 5.077500654797227855e-09 2.753165736011154095e-12
8.603372641401690890e-01 4.441886991013636529e-03 6.555873671664166902e-02 2.810114000684120761e-01 3.577830039507031712e-01 1.359053114376465587e-01 1.515049443070273782e-02 4.821568181585111782e-04 4.263462195940517542e-06 1.025807564708194013e-08 6.619242593327110837e-12
8.680491126725169426e-01 3.546653338301355551e-03 5.649699888106256979e-02 2.636474561636061309e-01 3.687141339717454058e-01 1.554561672891035806e-01 1.947451186359607997e-02 7.059612095147829768e-04 7.209630796763946514e-06 2.030924104647028631e-08 1.554906387009374036e-11
8.737466668679277904e-01 2.814339912271042032e-03 4.832371391203280075e-02 2.451738248739621095e-01 3.760587301741414867e-01 1.756698557737089439e-01 2.467764885214601689e-02 1.016555108854239140e-03 1.195889333137461263e-05 3.933185538895120428e-08 3.562429018153686705e-11
8.770849248310117474e-01 2.218923813453226902e-03 4.101518455059206814e-02 2.259404100968020190e-01 3.795337512468139329e-01 1.960914962610540713e-01 3.082602429737281088e-02 1.439600832903861196e-03 1.945913304606873120e-05 7.451935525035097475e-08 7.961851533938620286e-11
8.804200193892584014e-01 1.743189935747036304e-03 3.464293907089648766e-02 2.069321920569609508e-01 3.801305844449872073e-01 2.168562018353510368e-01 3.807247870339232343e-02 2.011137209498008432e-03 3.115739707767584794e-05 1.385612050411738960e-07 1.741425554376867115e-10
8.837527419992080580e-01 1.364690109148966341e-03 2.912250901596844313e-02 1.883837115461952372e-01 3.779051175919917460e-01 2.376489786059815257e-01 4.650584171045437504e-02 2.772529693782304749e-03 4.911039128581098532e-05 2.529614632779654254e-07 3.729364039248367590e-10
8.870290367329590753e-01 1.064714009117312832e-03 2.436784618418837145e-02 1.704819259251632024e-01 3.729505120217957992e-01 2.581194225769454786e-01 5.619515940422763894e-02 3.772777088936946511e-03 7.622514575609977210e-05 4.535945032085195567e-07 7.823251002562154885e-10
8.895904708887549805e-01 8.273102096439944849e-04 2.028216829264892565e-02 1.532765311572467370e-01 3.651677981815718010e-01 2.777142814286321926e-01 6.713972429880334103e-02 5.065397565848762940e-03 1.164595217448724621e-04 7.986255016181514468e-07 1.607112704237790288e-09
8.921509181987870019e-01 6.408225090701115704e-04 1.680837034854943540e-02 1.370402890798246287e-01 3.550836484330308629e-01 2.962849649751372882e-01 7.939842272869938877e-02 6.717662739614153021e-03 1.753518268373813812e-04 1.382320876965256943e-06 3.237146871240517025e-09
8.947106347402593585e-01 4.948652023864679762e-04 1.387088742264057893e-02 1.218588996800362145e-01 3.429553045894528363e-01 3.135037627256373471e-01 9.296177495557282622e-02 8.802491472739875852e-03 2.602892075851044617e-04 2.353087883798065291e-06 6.396324222975303600e-09
8.972698115316833922e-01 3.810312248969319605e-04 1.139993977237899192e-02 1.077860134530546077e-01 3.290659446435613700e-01 3.290659446435613700e-01 1.077860134530546077e-01 1.139993977237894161e-02 3.810312248969319605e-04 3.940940502974648200e-06 1.240339660769868344e-08
8.998285906386097599e-01 2.925514945635507551e-04 9.331933914782311254e-03 9.484670494493795123e-02 3.137148718161433814e-01 3.426991168395625564e-01 1.237906887095685665e-01 1.459594364764178406e-02 5.502594684753133293e-04 6.496188460514154733e-06 2.361447382645110621e-08
9.014579191144250769e-01 2.237728059344740086e-04 7.601759457541148665e-03 8.295577483288232856e-02 2.969020256446433526e-01 3.538066227119041063e-01 1.407125241921203807e-01 1.846148781699480726e-02 7.833751391402806775e-04 1.053239923059244630e-05 4.411403349046439052e-08
9.014584973717550964e-01 1.704051134182906478e-04 6.158067723901985806e-03 7.207044497304340713e-02 2.787710498487663280e-01 3.618975875302889444e-01 1.582189328333842848e-01 2.305621108080963683e-02 1.098928320109842814e-03 1.678911701778941449e-05 8.083101454891773160e-08
9.014589164590007808e-01 1.294356732412487842e-04 4.970450293314046183e-03 6.231521840958628711e-02 2.601880493241544579e-01 3.674798323208341988e-01 1.763370660441416771e-01 2.849010551947543310e-02 1.522244029949413246e-03 2.636925171499419991e-05 1.455925891178266936e-07
9.014592195617178172e-01 9.807556646106239517e-05 3.997741044842252275e-03 5.363040423217711739e-02 2.414316183450870290e-01 3.704959059092937101e-01 1.948402863048721845e-01 3.484132771088752079e-02 2.082781381841628757e-03 4.082118001676953123e-05 2.578862384976154985e-07
9.014594382123812810e-01 7.413812086939056036e-05 3.204401286434077362e-03 4.594736500040106503e-02 2.227555979623598859e-01 3.709432078369173658e-01 2.134773479762294979e-01 4.217900879825531996e-02 2.815615018539513285e-03 6.230683803148052340e-05 4.493743437054265461e-07
9.012961812382357385e-01 5.590555569654888319e-05 2.559518948529091852e-03 3.918460373255675672e-02 2.043484053817050949e-01 3.688051252137904412e-01 2.319366471593543033e-01 5.055030979603675201e-02 3.761114921229040398e-03 9.378005110236641126e-05 7.704782355894408091e-07
9.010777944679982943e-01 4.206197930549653453e-05 2.037721407456435062e-03 3.327194244840681048e-02 1.864369907440801277e-01 3.642273051758413427e-01 2.499577535702638409e-01 5.999703126847200085e-02 4.966436111197717121e-03 1.392513172022076279e-04 1.300445772238991925e-06
9.008593740120035553e-01 3.157969422805398737e-05 1.617243594228862926e-03 2.813355038364005051e-02 1.691976312497885382e-01 3.573775247277571343e-01 2.672702836396784187e-01 7.054048066287213481e-02 6.484856204069810309e-03 2.040622215221438889e-04 2.161634218499502968e-06
9.006409274334711279e-01 2.366161095525154824e-05 1.279652049554008729e-03 2.369206304859958548e-02 1.527612587246442444e-01 3.484384872223410534e-01 2.835958984915099568e-01 8.217594561404979736e-02 8.375211081024961507e-03 2.952097941740788206e-04 3.539796618209972890e-06
9.004224588546605457e-01 1.769427133792229165e-05 1.009566368032429771e-03 1.987286154184341944e-02 1.372281265050573074e-01 3.376233914096454791e-01 2.986693539300491196e-01 9.487262314668372387e-02 1.070140275276271376e-02 4.217264454245169664e-04 5.712483823848056396e-06
9.002039689753266183e-01 1.320705504905366296e-05 7.942260529361679089e-04 1.660517127520858699e-02 1.226696258652172355e-01 3.251683875669313384e-01 3.122460824004030799e-01 1.085717126525315851e-01 1.353137274025723730e-02 5.950954757206726193e-04 9.087891071529078125e-06
8.999854545298322517e-01 9.840027867828760958e-06 6.231010680732113841e-04 1.382283072698699093e-02 1.091306813437401407e-01 3.113249161323906056e-01 3.241090397364330133e-01 1.231853989958163337e-01 1.693569371336047999e-02 8.296957200151630282e-04 1.425706514856511374e-05
8.997669070354209486e-01 7.318717478385521959e-06 4.875463457788973740e-04 1.146477624432216957e-02 9.663254906306038838e-02 2.963522295392147510e-01 3.340745479110926452e-01 1.385968374517932422e-01 2.098577901826458383e-02 1.143259970400624858e-03 2.206277401520757240e-05
8.998357643479301116e-01 5.436146877291455604e-06 3.806204891916150843e-04 9.478317132201598619e-03 8.520307389074054105e-02 2.805999961593562686e-01 3.421062074193679803e-01 1.547106289563486003e-01 2.575996070110313577e-02 1.557824018847388031e-03 3.369943389570022291e-05
9.003440040218469997e-01 4.033368578352451622e-06 2.965491897178340630e-04 7.812852948690402616e-03 7.482803839017483638e-02 2.643515624344221493e-01 3.481639838700544831e-01 1.714009500648279172e-01 3.133518144131287875e-02 2.100022504643992392e-03 5.082980942409142305e-05
9.008521242701832410e-01 2.988009130220566850e-06 2.304903788723339209e-04 6.418449876943882644e-03 6.543140719338198796e-02 2.477044181447645710e-01 3.520180322589559485e-01 1.884075953053048758e-01 3.776304802403990246e-02 2.800001325707787876e-03 7.569375308182634563e-05
9.013600573525152315e-01 2.210351695675592894e-06 1.787289225994010517e-04 5.255733609879748545e-03 5.697281409690125448e-02 2.308857415527914292e-01 3.536450312728446899e-01 2.055188401556771738e-01 4.509623112142803480e-02 3.693407423327835139e-03 1.113188453700469346e-04
9.018676997313332944e-01 1.632802783260206503e-06 1.382790943328791769e-04 4.290016273856793808e-03 4.940311473603003350e-02 2.141039224476934677e-01 3.530641628202616511e-01 2.225086270157682899e-01 5.337525815874629570e-02 4.820966697591111925e-03 1.617196842693450175e-04
9.023748959238393486e-01 1.204552400942468778e-06 1.067507039612669708e-04 3.490967401059943270e-03 4.266689393926689777e-02 1.975458000342473208e-01 3.503349689170980330e-01 2.391420964744526700e-01 6.262562542309277336e-02 6.228444108197610241e-03 2.321443700620452624e-04
9.028814161305912522e-01 8.874896687110882635e-07 8.223744277543246748e-05 2.832252133273637732e-03 3.670469540491094057e-02 1.813748453230833169e-01 3.455540761846581099e-01 2.551815594776263851e-01 7.285511561064227093e-02 7.966389821682027042e-03 3.293572422704778334e-04
9.033869257767244143e-01 6.530883034095354192e-07 6.322435470912906978e-05 2.291155009904316964e-03 3.145495523361713230e-02 1.657302262880392951e-01 3.388509821507418307e-01 2.703926771924641814e-01 8.405145907281581785e-02 1.008963801377011499e-02 4.619553723590998301e-04
9.038909447391436647e-01 4.800386235183919825e-07 4.851161726129387352e-05 1.848203691775229416e-03 2.685563535386668171e-02 1.507266680296370509e-01 3.303831222800853173e-01 2.845506065382432670e-01 9.618047152441899783e-02 1.265653223437053845e-02 6.407134308617425545e-04
9.043927936734514894e-01 3.524521568037776698e-07 3.715211032781833917e-05 1.486803429096362691e-03 2.284556454278408033e-02 1.364550020554995136e-01 3.203304486299948795e-01 2.974458733053563786e-01 1.091847875354520214e-01 1.572786144141864739e-02 8.789481713649787949e-04
9.048915245273458918e-01 2.585040104757983446e-07 2.840054923680285055e-05 1.192890030977723694e-03 1.936550364264278887e-02 1.229832881773183229e-01 3.088897508861104813e-01 3.088897508861104813e-01 1.229832881773183229e-01 1.936550364264278887e-02 1.192890030977723694e-03
9.050662482248588159e-01 1.893420116590680670e-07 2.166459676134988439e-05 9.542695780917700857e-04 1.635318350234770193e-02 1.103194343032154329e-01 2.961643623235130085e-01 3.186064478377107489e-01 1.374227689753228232e-01 2.362244783217673852e-02 1.601479933707656168e-03
9.050459882628606456e-01 1.385237766530288501e-07 1.649474844346050586e-05 7.613102324830293153e-04 1.376017530813549231e-02 9.851775047847223521e-02 2.824231247700250691e-01 3.265007669252851241e-01 1.523821572393810886e-01 2.855648693355931911e-02 2.127583103299281186e-03
9.050171897525779441e-01 1.012538413607833146e-07 1.253804073607664084e-05 6.058921015574397773e-04 1.154043677566353454e-02 8.761280234876747675e-02 2.679455975000696322e-01 3.325384057967935569e-01 1.677384066181133448e-01 3.422479567381458976e-02 2.798213643220908743e-03
9.049767268187782765e-01 7.394853536872026119e-08 9.515441937918116340e-06 4.810649716070950323e-04 9.647931902053201447e-03 7.759859752823737578e-02 2.529420178641631489e-01 3.366547507374682557e-01 1.833249905731219043e-01 4.067362788179378075e-02 3.644155969860368282e-03
9.049205178789553328e-01 5.396336303022309321e-08 7.210565564170141035e-06 3.810816814644018007e-04 8.040743805056071655e-03 6.845656587188608810e-02 2.376136158648797791e-01 3.388200030676951080e-01 1.989608785488452269e-01 4.794007098570331193e-02 4.700293524498207372e-03
9.048433002895852617e-01 3.934954689067660360e-08 5.456019594756964200e-06 3.012095104571915261e-04 6.681035515954208276e-03 6.015782874563119914e-02 2.221491450041972182e-01 3.390388130369933473e-01 2.144544354006670817e-01 5.604978577578967336e-02 6.005551930753675119e-03
9.047383727104824080e-01 2.867287021465425865e-08 4.122619655461841292e-06 2.375665283524584998e-04 5.534924481042869694e-03 5.266535845829598689e-02 2.067221163100205761e-01 3.373489375118229328e-01 2.296077715991656776e-01 6.501486773157090504e-02 7.602678797685310033e-03
9.045973064630747906e-01 2.087912039111083909e-08 3.110894676780594966e-06 1.869807125295483321e-04 4.572293025632074431e-03 4.593598261578444447e-02 1.914887407851207646e-01 3.338190220260439101e-01 2.442213900582317354e-01 7.483192871107760547e-02 9.537836754857509022e-03
9.044096290890872858e-01 1.519431812256610990e-08 2.344419818291425550e-06 1.468695374949778804e-04 3.766554046310655480e-03 3.992220170181365324e-02 1.765865586869178050e-01 3.285456356892610397e-01 2.580989623483194717e-01 8.548049591993736596e-02 1.185999154489605217e-02
9.041624855566554597e-01 1.105086077782180328e-08 1.764599996623677768e-06 1.151377476005448577e-04 3.094388208338960666e-03 3.457380038828264390e-02 1.621337118564127044e-01 3.216497073515333649e-01 2.710520622535431134e-01 9.692181794468045231e-02 1.462008415540629221e-02
9.038402850359590346e-01 8.032935990379131097e-09 1.326600617674756129e-06 9.009110534880852253e-05 2.535466058261306912e-03 2.983924366631972649e-02 1.482287981147944744e-01 3.132725230366842362e-01 2.829046881687918291e-01 1.090981553847612667e-01 1.786998486744367440e-02
9.034243437670784749e-01 5.836234898996317789e-09 9.961822941526199059e-07 7.036404037915719076e-05 2.072165803317273323e-03 2.566685773474380872e-02 1.349512345686190717e-01 3.035714482017447535e-01 2.934974172662420111e-01 1.219326167257904076e-01 2.166123740771293618e-02
9.028925371285095869e-01 4.238263581237355931e-09 7.472454547403866795e-07 5.485928856970971747e-05 1.689295113777152359e-03 2.200580266609089911e-02 1.223620492783949604e-01 2.927155344964733064e-01 3.026910527989232769e-01 1.353295793481644749e-01 2.604361265439750564e-02
9.022189764192568573e-01 3.076493299161486816e-09 5.599306008193328171e-07 4.269779152771949519e-05 1.373823200987096468e-03 1.880684925930523749e-02 1.105050177163393321e-01 2.808811603546932933e-01 3.103696500973822103e-01 1.491757120086520116e-01 3.106350298327589798e-02
9.013737279069164998e-01 2.232299415561578516e-09 4.191521414089476414e-07 3.317731268774483497e-05 1.114627621357835822e-03 1.602297631516104090e-02 9.940806118843499573e-02 2.682478391514514504e-01 3.164428352367565922e-01 1.633415900084194128e-01 3.676219968820660516e-02
9.003225931789866632e-01 1.619170316410789581e-09 3.134695446297084342e-07 2.573840910190377802e-05 9.022587481669467648e-04 1.360980701107998396e-02 8.908482825880320588e-02 2.549943091427736008e-01 3.208473613386148005e-01 1.776838689200024302e-01 4.317410626172876048e-02
8.990269705828068947e-01 1.174062087771154996e-09 2.342201851879782881e-07 1.993657211130353595e-05 7.287236213217551358e-04 1.152590430629614991e-02 7.953638649132388494e-02 2.412949973425347061e-01 3.235478793217421156e-01 1.920479585574324521e-01 5.032494897579734006e-02
8.974438173914186523e-01 8.510645007481221462e-10 1.748546727356275090e-07 1.541951182101550740e-05 5.872899055605210542e-04 9.732945584960418436e-03 7.075295982419160801e-02 2.273169262128891810e-01 3.245369309966243954e-01 2.062711171364062512e-01 5.823005251322806164e-02
8.955257311658344488e-01 6.167663369244236402e-10 1.304284432839044805e-07 1.190870759844505466e-05 4.723099312682827247e-04 8.195796248816092713e-03 6.271565597144992954e-02 2.132171087660935938e-01 3.238342012414308080e-01 2.201858674286597539e-01 6.689275182530780850e-02
8.932211665268569023e-01 4.468680624646337701e-10 9.721365278925176865e-08 9.184478797256691602e-06 3.790642289125905717e-04 6.882500894611618021e-03 5.539813782473093640e-02 1.991404554462049281e-01 3.214850913718404479e-01 2.336236230853014073e-01 7.630301153593689600e-02
8.904748001912029531e-01 3.237067257944037382e-10 7.240347211390707976e-08 7.073946552043264362e-06 3.036235680104231913e-04 5.764209227433375257e-03 4.876820241717343130e-02 1.852181958297086373e-01 3.175586967804478467e-01 2.464184048295640639e-01 8.643632086513435009e-02
8.872280527252072169e-01 2.344502010861449237e-10 5.388719407002129581e-08 5.441359355903369272e-06 2.427282459734933615e-04 4.815052119797400519e-03 4.278924021240074899e-02 1.715668003896378135e-01 3.121452878468821690e-01 2.584105232338401725e-01 9.725292519567518834e-02
8.834197701534564073e-01 1.697809053107235532e-10 4.007949477003292392e-08 4.180343169097312886e-06 1.936832149869955136e-04 4.011981353324074392e-03 3.742155599210796046e-02 1.582873727264402230e-01 3.053534037007915036e-01 2.694501073155365356e-01 1.086974452578243627e-01
8.789870625258779935e-01 1.229357427150468214e-10 2.979102399060662589e-08 3.207712198743506675e-06 1.542675628966265326e-04 3.334584676517429562e-03 3.262354022462425618e-02 1.454654709938932589e-01 2.973066736546564615e-01 2.794003659235404502e-01 1.206989218635910327e-01
8.738662900514018173e-01 8.900842160119993354e-11 2.213047739911400382e-08 2.458540506750951485e-06 1.226568566826473871e-04 2.764885956859177308e-03 2.835268637474478923e-02 1.331713087695610143e-01 2.881404812820003714e-01 2.881404812820003714e-01 1.331713087695610143e-01
8.679941807523784414e-01 6.444048622711306967e-11 1.643060434900289875e-08 1.882248567769738279e-06 9.735689726612844282e-05 2.287138455480986453e-03 2.456645510474170235e-02 1.214602802113566027e-01 2.779985816952181832e-01 2.955680503265885051e-01 1.460144193181137362e-01
8.613090571141537310e-01 4.665222700817040027e-11 1.219238176657788666e-08 1.439504068880543985e-06 7.714750789565447348e-05 1.887617647163856646e-03 2.122299071960206951e-02 1.103737517568073728e-01 2.670297742450314371e-01 3.016010086612608831e-01 1.591153148332896117e-01
8.537521432409296285e-01 3.377407800397858231e-11 9.042953891462035780e-09 1.099773820667814057e-06 6.103507362702287542e-05 1.554418570942700138e-03 1.828169857459631398e-02 9.994006252240858479e-02 2.553847214053053261e-01 3.061789930321684450e-01 1.723501052113325105e-01
8.452689189128173020e-01 2.445126963601662612e-11 6.703983705648620139e-09 8.393947284308123912e-07 4.821265730468112139e-05 1.277261438207156130e-03 1.570369457280482162e-02 9.017567755290947784e-02 2.432129908667144402e-01 3.092641200787049072e-01 1.855861156230084463e-01
8.358104829674901648e-01 1.770264405198673970e-11 4.967870105285987855e-09 6.400573394676631533e-07 3.802663092429416460e-05 1.047308147078561185e-03 1.345213943965149414e-02 8.108644173323832638e-02 2.306603826916459599e-01 3.108411807296571627e-01 1.986843585523821454e-01
8.253348858481809325e-01 1.281735419667029441e-11 3.679896133494398449e-09 4.876164070358748208e-07 2.994887504391589915e-05 8.569914478034075089e-04 1.149247128919683204e-02 7.266888708605034886e-02 2.178665875932845331e-01 3.109172700024832037e-01 2.115022382451982319e-01
8.138083901446382384e-01 9.281106144620743927e-12 2.724846485677612410e-09 3.711599638831733229e-07 2.355370920658562254e-05 6.998577625664128112e-04 9.792550215920410583e-03 6.491155193193090533e-02 2.049632067311298322e-01 3.095208903068456530e-01 2.238964055929469066e-01
8.012066186012906099e-01 6.721192555181332350e-12 2.016983802340943642e-09 2.822822282070436441e-07 1.849882058338327102e-05 5.704240697081123688e-04 8.322728377039491365e-03 5.779627661854851162e-02 1.920721484975368709e-01 3.067005819879420891e-01 2.357256759239989286e-01
7.875155513868137280e-01 4.868006042269002091e-12 1.492550810309079003e-09 2.145168365753083000e-07 1.450955456552213334e-05 4.640488002509458041e-04 7.055858388118205898e-03 5.129944690713412331e-02 1.793044041191134697e-01 3.025231472971384172e-01 2.468539203062376508e-01
7.727323383334255835e-01 3.526299810818756134e-12 1.104165644396304420e-09 1.628958906457541785e-07 1.136601897540465645e-05 3.768163465560881126e-04 5.967251942517876918e-03 4.539316236977946478e-02 1.667591918982234411e-01 2.970715429685896747e-01 2.571528427852010079e-01
7.568658972017293651e-01 2.554788737896274383e-12 8.166380592888878475e-10 1.236075137821218854e-07 8.892532552788845503e-06 3.054345318034911534e-04 5.034599474190363036e-03 4.004631308442200416e-02 1.545234498299414283e-01 2.904425220234715943e-01 2.665045612986410850e-01
7.399372755741017160e-01 1.851377741779458521e-12 6.038466866714609677e-10 9.373037580567578603e-08 6.949018498169001557e-06 2.471442185560394000e-04 4.237860490939794438e-03 3.522555335555793005e-02 1.426716482833799704e-01 2.827441074065229487e-01 2.748039184645729716e-01
7.219797614343761438e-01 1.341907206020565106e-12 4.464129555501461861e-10 7.102822945688225553e-08 5.424005460511075094e-06 1.996401300007661262e-04 3.559132975313392556e-03 3.089616602809313814e-02 1.312658884586397623e-01 2.740929788237633780e-01 2.819604595371208444e-01
7.030387355207294853e-01 9.728174076295559181e-13 3.299670836598434239e-10 5.379114952871322716e-08 4.228951984235799543e-06 1.610019051434827882e-04 2.982509033285180976e-03 2.702281513538451821e-02 1.203562483535236538e-01 2.646118500598875212e-01 2.879000279594314260e-01
6.831712667875083911e-01 7.054207418200065462e-13 2.438592275447737308e-10 4.071304590014668402e-08 3.293656729457438833e-06 1.296343975154505958e-04 2.493922805206715953e-03 2.357018810589711980e-02 1.099813358542496566e-01 2.544269075643488254e-01 2.925659434459506048e-01
6.624454604237529631e-01 5.116812560324035512e-13 1.801990250869245410e-10 3.079730446809259367e-08 2.562556463020270742e-06 1.042162457439570368e-04 2.080995566605761422e-03 2.050353155381061040e-02 1.001690081020496087e-01 2.436653727194967034e-01 2.959197427015681225e-01
6.409395755123985516e-01 3.712000313793595483e-13 1.331438440652643574e-10 2.328419593649189311e-08 1.991747592756818199e-06 8.365578516101634715e-05 1.732881956414521717e-03 1.778908683058580409e-02 9.093721724558438690e-02 2.324532404806195496e-01 2.979414780487295578e-01
6.187409362701230542e-01 2.694064115127403592e-13 9.836800831553028615e-11 1.759511039741723625e-08 1.546595595272335652e-06 6.705342549413776342e-05 1.440120387352371127e-03 1.539443306879881984e-02 8.229494480998696126e-02 2.209132365405286624e-01 2.986295837486189764e-01
5.959446666278747085e-01 1.955482569204747320e-13 7.267109829267593306e-11 1.328976894066646970e-08 1.199820724420126157e-06 5.366968496637852923e-05 1.194489921392005846e-03 1.328874647087681382e-02 7.424318993433032254e-02 2.091630243251610122e-01 2.980003331077882289e-01
5.726522825000542882e-01 1.419885339304372182e-13 5.368513112191664278e-11 1.003343716479720977e-08 9.299685051867541272e-07 4.289814137351063061e-05 9.888752314741147860e-04 1.144298515521847796e-02 6.677598039529919483e-02 1.973136824267557599e-01 2.960869210941637908e-01
5.489701793156960274e-01 1.032004418588528045e-13 3.965861342292153942e-11 7.571829181069245473e-09 7.201902663239881478e-07 3.424263251725882687e-05 8.171407141962511297e-04 9.830009044685349834e-03 5.988137940821392641e-02 1.854684629181045374e-01 2.929382167961214756e-01
5.250080541858274108e-01 7.496351472902063226e-14 2.929706798826536920e-11 5.711921676576303888e-09 5.572728495934688945e-07 2.729810917982239440e-05 6.740143597953930383e-04 8.424644140683510210e-03 5.354246546465963458e-02 1.737218316820033359e-01 2.886172374153623821e-01
5.008773024622825698e-01 5.446410855647343921e-14 2.164315245223314019e-11 4.307302667095225730e-09 4.308680951703346905e-07 2.173461183549166628e-05 5.549816164392218972e-04 7.203700139278030462e-03 4.773826674574888074e-02 1.621587836729838084e-01 2.831994004789017416e-01
4.766864135372945177e-01 3.969222667691670470e-14 1.598943571855945960e-11 3.246972159006964001e-09 3.328800189433607760e-07 1.728379697064944497e-05 4.561863114760528757e-04 6.145910918854415386e-03 4.244436742854357930e-02 1.508534652667880560e-01 2.767688636716415518e-01
4.525016065318127056e-01 2.883648010923561698e-14 1.181220596195842197e-11 2.446639795764574784e-09 2.569621127823316252e-07 1.372676774052036695e-05 3.743147918070988860e-04 5.231466091735968368e-03 3.763065528846262775e-02 1.398574125057183704e-01 2.693937716657545112e-01
4.284822278929862893e-01 2.099706609689408436e-14 8.726842806252175192e-12 1.843043697871391746e-09 1.982197680600521111e-07 1.088931694584890492e-05 3.066388003070258644e-04 4.443594253575586239e-03 3.327378968801510822e-02 1.292423876823125817e-01 2.612047280802705096e-01
4.047311352871197920e-01 1.526890490158241630e-14 6.448098721266942408e-12 1.387987655015398875e-09 1.528038515922863178e-07 8.628831264917652825e-06 2.508021470406349325e-04 3.766524803360650833e-03 2.934446971689628342e-02 1.190534121841083232e-01 2.523071434061463503e-01
3.813456994242943598e-01 1.114908557154444519e-14 4.764878111968440642e-12 1.045033119746868775e-09 1.177182466661149167e-07 6.830267776729870988e-06 2.048177996400605617e-04 3.186133252586802016e-03 2.581297500687849619e-02 1.093260608098208658e-01 2.428087635195355920e-01
3.584167547288330535e-01 8.134919342317621454e-15 3.521516195296606155e-12 7.866448926422601897e-10 9.063330369596318080e-08 5.400985459762217338e-06 1.670145704938263574e-04 2.689828054501482331e-03 2.264964963140836396e-02 1.000869862496800849e-01 2.328177838138113243e-01
3.360277200189613067e-01 5.924779623986798959e-15 2.602986654802742391e-12 5.920266749473206374e-10 6.973944660970059196e-08 4.266508368877321584e-06 1.359905732170530108e-04 2.266433597361104581e-03 1.982530803174143222e-02 9.135454706684456583e-02 2.224411039073460883e-01
3.142538973335646246e-01 4.317582023275210724e-15 1.924436675769597377e-12 4.454786747264156349e-10 5.363245696593209350e-08 3.367061069183931553e-06 1.105727822440725881e-04 1.906072457421374624e-03 1.731156744439624542e-02 8.313951156838389478e-02 2.117827519401854763e-01
2.931619518082380083e-01 3.112331021823539194e-15 1.423038061397640122e-12 3.351542776205398654e-10 4.122370145901428084e-08 2.654742245142838135e-06 8.978205251113313906e-05 1.600049382274651910e-03 1.508111232456845266e-02 7.544581183562060200e-02 2.009424999107361220e-01
2.728095706303008683e-01 2.308893307255615358e-15 1.052353414780896220e-12 2.521180988857939376e-10 3.166997309551788022e-08 2.091224146778032068e-06 7.280298976667107312e-05 1.340738919295745820e-03 1.310789693830878913e-02 6.827132454920789573e-02 1.900146840864291586e-01
2.532452947251334630e-01 1.706384454858926543e-15 7.784124380841750078e-13 1.896326123551520422e-10 2.431873037798760986e-08 1.645884119135147155e-06 5.895810249189719206e-05 1.121478118427957950e-03 1.136729267711004791e-02 6.160865793921426609e-02 1.790872374946270718e-01
2.345085130430241138e-01 1.204373361641897687e-15 5.759915602052375496e-13 1.426199865611442567e-10 1.866540495530453185e-08 1.294290233755723089e-06 4.768571090197996492e-05 9.364653218283749709e-04 9.836186777926320818e-03 5.544592707335922049e-02 1.682409350601723197e-01
2.166296061920851834e-01 9.031800369492969993e-16 4.263009774400682200e-13 1.072541346877905979e-10 1.432015882854089544e-08 1.016976381523770810e-06 3.852113478411307585e-05 7.806657015797082225e-04 8.493039054820884781e-03 4.976750264289914877e-02 1.575488462537796286e-01
1.996302237319722561e-01 7.023955965189106907e-16 3.154759650650650434e-13 8.065337710810850433e-11 1.098202679592401354e-08 7.984534153496828942e-07 3.108072829553332439e-05 6.497239160724425661e-04 7.317903008473155071e-03 4.455472130995875857e-02 1.470759852527606659e-01
1.835236777087562721e-01 5.016555935472470246e-16 2.336711754743076803e-13 6.064755265077572691e-11 8.418825607661927324e-09 6.264123387581663993e-07 2.504837503090729089e-05 5.398840201875957593e-04 6.292417316436924209e-03 3.978654845648650629e-02 1.368791446485682628e-01
1.683154339509753683e-01 4.012800373790749476e-16 1.730520161197260585e-13 4.560306856790759294e-11 6.451560439200273819e-09 4.910833929021415958e-07 2.016409975454918688e-05 4.479165781064552024e-04 5.399773255953273406e-03 3.544018675715727984e-02 1.270068956792739512e-01
1.540036822165105901e-01 3.009266999402641425e-16 1.281947741745525206e-13 3.429049714929311895e-11 4.942332148913616238e-09 3.847214277374173629e-07 1.621449359333446651e-05 3.710527842897860264e-04 4.624663103428654741e-03 3.149162633862606642e-02 1.174997357983938728e-01
1.405799664183451925e-01 2.005955812308147326e-16 9.498200771279077155e-14 2.578445571361831115e-11 3.784969920044415117e-09 3.011933624376549677e-07 1.302468679986242530e-05 3.069252919549362939e-04 3.953214016813200171e-03 2.791613435472763832e-02 1.083903630638375637e-01
1.280298567909000651e-01 1.002866812507266810e-16 7.050153691926085344e-14 1.938892551960924426e-11 2.897780646139309953e-09 2.356480074914712725e-07 1.045163728326251314e-05 2.535153734827572006e-04 3.372911360898607578e-03 2.468868358557590320e-02 9.970405626841187530e-02
1.163336469062067613e-01 1.002755718860459957e-16 5.224357295262996335e-14 1.458036897894674711e-11 2.217942128218779948e-09 1.842522161435074623e-07 8.378533878514202133e-06 2.091059883623381643e-04 2.872514898428078518e-03 2.178432115488332724e-02 9.145913984586351297e-02
1.054670598259561387e-01 1.002644625213653104e-16 3.870208253324701212e-14 1.096502188579903185e-11 1.697169839380161673e-09 1.439803498148276610e-07 6.710140892067168897e-06 1.722403066953255124e-04 2.441970755301647519e-03 1.917847966146761854e-02 8.366751327307600516e-02
9.540194929683726288e-02 1.002533531566846252e-16 2.867245900281180149e-14 8.246840830668877248e-12 1.298372855703910575e-09 1.124465235713113130e-07 5.368934924978826631e-06 1.416852256803010355e-04 2.072321585861043938e-03 1.684723395321520434e-02 7.633522584398369504e-02
8.610698368157583549e-02 0.000000000000000000e+00 2.135159792769683822e-14 6.202990045849203683e-12 9.930727435993153102e-10 8.777112588932051366e-08 4.291906544536835465e-06 1.163994191285201338e-04 1.755616920920994618e-03 1.476750745619069723e-02 6.946307920836811145e-02
7.754830219154203175e-02 0.000000000000000000e+00 1.583651923951707568e-14 4.666160232129607135e-12 7.594136186492836078e-10 6.847474634290883580e-08 3.427918265772681572e-06 9.550547271883946994e-05 1.484825280873191189e-03 1.291723243355804955e-02 6.304724184728421887e-02
6.969013488152613067e-02 0.000000000000000000e+00 1.182596295739182355e-14 3.510406817869181253e-12 5.806299266417230083e-10 5.339399334898671556e-08 2.735526736823978725e-06 7.826567765241719586e-05 1.253749280628172792e-03 1.127546881635320582e-02 5.707986160201000692e-02
6.249537972526249957e-02 0.000000000000000000e+00 8.818384581420646482e-15 2.641306599966879491e-12 4.438662730727936533e-10 4.161476512483804538e-08 2.181191258111080558e-06 6.406108036506545493e-05 1.056944642417352804e-03 9.822486349606128833e-03 5.154966440033431629e-02
5.592613186323229513e-02 0.000000000000000000e+00 6.512857411663278076e-15 1.987724082039632418e-12 3.392688704642331360e-10 3.241941876537018472e-08 1.737803015385899676e-06 5.237341413890639059e-05 8.896437652290947913e-04 8.539814761244652122e-03 4.644252935892238116e-02
4.994416176409007674e-02 0.000000000000000000e+00 4.808961454492824447e-15 1.496087945832111510e-12 2.592882812762835204e-10 2.524498889965132038e-08 1.383479910816752726e-06 4.276956834862041476e-05 7.476842735798218615e-04 7.410266514799435274e-03 4.174203242167330574e-02
4.451134053930111412e-02 0.000000000000000000e+00 3.606321153741114059e-15 1.126274131430870602e-12 1.981416022720599952e-10 1.965018210662803024e-08 1.100580843578507369e-06 3.488828152222786782e-05 6.274427803988513090e-04 6.417936475371259671e-03 3.742995257171160411e-02
3.959001197808034028e-02 0.000000000000000000e+00 2.704440912459457337e-15 8.479924727733986396e-13 1.514014134640006801e-10 1.528933032686872206e-08 8.749009038108885418e-07 2.842877449178873880e-05 5.257739455764788745e-04 5.548182524501203347e-03 3.348673639102461852e-02
3.514331201569377561e-02 0.000000000000000000e+00 2.003067377491169200e-15 6.385778799441848161e-13 1.156784430439103991e-10 1.189185757892631408e-08 6.950153961785596943e-07 2.314106901982150908e-05 4.399547895095930606e-04 4.787590823627832157e-03 2.989191830996374560e-02
3.113543730911705332e-02 0.000000000000000000e+00 1.502133892648166719e-15 4.809832724259429874e-13 8.837924928106901432e-11 9.246107882279207359e-09 5.517460504024364893e-07 1.881776492008857961e-05 3.676341260426516143e-04 4.123929065123310526e-03 2.662449527201098121e-02
2.753186537274668333e-02 0.000000000000000000e+00 1.101442651597168141e-15 3.623746323754682801e-13 6.751953598555800186e-11 7.186620818581947399e-09 4.377273452281616057e-07 1.528707457071626165e-05 3.067869078762341245e-04 3.546090679040447141e-03 2.366325572941022776e-02
2.429952933114021274e-02 0.000000000000000000e+00 8.009603262441313120e-16 2.731274712492487951e-13 5.158194513016283684e-11 5.584127293025613220e-09 3.470547095832919375e-07 1.240693761975695602e-05 2.556732263379671299e-04 3.044032594563291731e-03 2.098706388192644878e-02
2.140695078740156854e-02 0.000000000000000000e+00 6.006535884950143722e-16 2.058239629909582657e-13 3.940577856428400413e-11 4.337693269163473930e-09 2.749995613548528692e-07 1.006006057058126063e-05 2.128016731014960197e-04 2.608708797153604358e-03 1.857510087970905971e-02
1.882433459948106014e-02 0.000000000000000000e+00 5.004891102557752664e-16 1.551516241792903231e-13 3.010391949277462475e-11 3.368552066456522279e-09 2.177788148113925746e-07 8.149745744455501287e-06 1.768967510776375655e-04 2.232001582612683742e-03 1.640706534241983400e-02
1.652362951880786968e-02 0.000000000000000000e+00 3.002601380594230744e-16 1.171014538431750115e-13 2.299822510123613846e-11 2.615269005272380877e-09 1.723687004375002962e-07 6.596391948679732162e-06 1.468700125919358303e-04 1.906652092862734212e-03 1.446333601431944865e-02
1.447855869385157937e-02 0.000000000000000000e+00 3.002268099653810185e-16 8.826668212982202191e-14 1.757027367520731630e-11 2.029951951690273899e-09 1.363545764096650791e-07 5.334565068834893747e-06 1.217946027978554881e-04 1.626191428542888597e-03 1.272509969525479831e-02
1.266462399317821834e-02 0.000000000000000000e+00 2.001289879142259751e-16 6.664295297543725592e-14 1.342395205782857862e-11 1.575284208309209018e-09 1.078099287749082779e-07 4.310550906447608916e-06 1.008828929879416764e-04 1.384873372404941310e-03 1.117444777817510997e-02
1.105908797573317351e-02 0.000000000000000000e+00 1.000533845924323023e-16 5.032685244999344503e-14 1.025667256133942039e-11 1.222202419649010520e-09 8.519900837534221262e-08 3.480314997545927593e-06 8.346690034440203652e-05 1.177609525673221349e-03 9.794444803200109961e-03
9.640937147030150672e-03 0.000000000000000000e+00 1.000422752277516170e-16 3.801606458654561149e-14 7.837211799066833755e-12 9.480812341320078660e-10 6.729857820472473044e-08 2.807805038777536747e-06 6.898120622075937735e-05 9.999074567120967098e-04 8.569172424523749387e-03
8.390829903992463173e-03 0.000000000000000000e+00 1.000311658630709317e-16 2.860891343683828715e-14 5.989065962553783034e-12 7.353143956780525132e-10 5.313509445131701728e-08 2.263541032306948001e-06 5.694810307931856330e-05 8.478122865002242405e-04 7.483752096953991476e-03
7.291032302301109734e-03 0.000000000000000000e+00 1.000200564983902464e-16 2.160433220365229361e-14 4.577117825479334752e-12 5.702071406532549461e-10 4.193433087187102654e-08 1.823446501382376083e-06 4.696471970971389007e-05 7.178519869737636037e-04 6.524349639979415416e-03
6.325344490523844738e-03 0.000000000000000000e+00 0.000000000000000000e+00 1.640146732992836901e-14 3.498412979684294259e-12 4.421105526834611809e-10 3.308102643887407952e-08 1.467881246248284950e-06 3.869189453993369655e-05 6.069865443160534987e-04 5.678164643769803392e-03
5.479020355641026421e-03 0.000000000000000000e+00 0.000000000000000000e+00 1.239973188335958238e-14 2.674242175457139433e-12 3.427474888473971940e-10 2.608659333540321606e-08 1.180842232711439994e-06 3.184458710518655152e-05 5.125610375481603554e-04 4.933407456727502069e-03
4.738682623772267483e-03 0.000000000000000000e+00 0.000000000000000000e+00 9.398752470008731388e-15 2.044528622412112126e-12 2.656863345036885303e-10 2.056330245940461164e-08 9.493044597277831349e-07 2.618363757154719973e-05 4.322626010241593583e-04 4.279266249674111566e-03
4.092235365225621070e-03 0.000000000000000000e+00 0.000000000000000000e+00 7.098268951816393512e-15 1.563218779304241362e-12 2.059312797321927502e-10 1.620366552730400940e-08 7.626781387984887673e-07 2.150870329362566298e-05 3.640811753039713034e-04 3.705866397322101803e-03
3.528775570222868110e-03 0.000000000000000000e+00 0.000000000000000000e+00 5.398083522449288967e-15 1.195475571203167622e-12 1.596023365019872221e-10 1.276398361245616451e-08 6.123623356585284237e-07 1.765221944874767978e-05 3.062739021153800369e-04 3.204224161536259070e-03
3.038505195152962739e-03 0.000000000000000000e+00 0.000000000000000000e+00 4.098089412722551866e-15 9.143737060386805862e-13 1.236875351207889651e-10 1.005123137369573042e-08 4.913784710031808295e-07 1.447424768949793248e-05 2.573329835257875411e-04 2.766196409629293439e-03
2.612644832097674088e-03 0.000000000000000000e+00 0.000000000000000000e+00 3.098211019314389275e-15 6.994960943284325642e-13 9.584925436223831956e-11 7.912608871558468832e-09 3.940698147221202519e-07 1.185809239439004698e-05 2.159568010123011426e-04 2.384427859715540672e-03
2.243349928678772288e-03 0.000000000000000000e+00 0.000000000000000000e+00 2.298417176361729820e-15 5.352314085475402323e-13 7.427335105412929831e-11 6.227227369343263552e-09 3.158554283963273604e-07 9.706578421708974118e-06 1.810240749653133693e-04 2.052297117825103209e-03
1.923630282077637465e-03 0.000000000000000000e+00 0.000000000000000000e+00 1.798561299892753517e-15 4.095723760144664892e-13 5.755256271555708994e-11 4.899495809063125762e-09 2.530289549884656920e-07 7.938897302350866541e-06 1.515708376190638858e-04 1.763862560741491590e-03
