2.000000000000000000e+01
2.039999999999999858e+01
2.080000000000000071e+01
2.119999999999999929e+01
2.160000000000000142e+01
2.200000000000000000e+01
2.239999999999999858e+01
2.280000000000000071e+01
2.319999999999999929e+01
2.360000000000000142e+01
2.400000000000000000e+01
2.439999999999999858e+01
2.480000000000000071e+01
2.519999999999999929e+01
2.560000000000000142e+01
2.600000000000000000e+01
2.639999999999999858e+01
2.680000000000000071e+01
2.719999999999999929e+01
2.760000000000000142e+01
2.800000000000000000e+01
2.839999999999999858e+01
2.880000000000000071e+01
2.920000000000000284e+01
2.960000000000000142e+01
3.000000000000000000e+01
3.039999999999999858e+01
3.080000000000000071e+01
3.120000000000000284e+01
3.160000000000000142e+01
3.200000000000000000e+01
3.239999999999999858e+01
3.279999999999999716e+01
3.320000000000000284e+01
3.360000000000000142e+01
3.400000000000000000e+01
3.439999999999999858e+01
3.479999999999999716e+01
3.520000000000000284e+01
3.560000000000000142e+01
3.600000000000000000e+01
3.640000000000000568e+01
3.679999999999999716e+01
3.720000000000000284e+01
3.760000000000000142e+01
3.800000000000000000e+01
3.840000000000000568e+01
3.879999999999999716e+01
3.920000000000000284e+01
3.960000000000000142e+01
4.000000000000000000e+01
4.040000000000000568e+01
4.079999999999999716e+01
4.120000000000000284e+01
4.160000000000000142e+01
4.200000000000000000e+01
4.240000000000000568e+01
4.279999999999999716e+01
4.320000000000000284e+01
4.360000000000000142e+01
4.400000000000000000e+01
4.440000000000000568e+01
4.479999999999999716e+01
4.520000000000000284e+01
4.560000000000000142e+01
4.600000000000000000e+01
4.640000000000000568e+01
4.679999999999999716e+01
4.720000000000000284e+01
4.760000000000000142e+01
4.800000000000000000e+01
4.840000000000000568e+01
4.879999999999999716e+01
4.920000000000000284e+01
4.960000000000000142e+01
5.000000000000000000e+01
5.040000000000000568e+01
5.079999999999999716e+01
5.120000000000000284e+01
5.160000000000000142e+01
5.200000000000000000e+01
5.239999999999999858e+01
5.280000000000000426e+01
5.320000000000000284e+01
5.360000000000000142e+01
5.400000000000000000e+01
5.439999999999999858e+01
5.480000000000000426e+01
5.520000000000000284e+01
5.560000000000000142e+01
5.600000000000000000e+01
5.639999999999999858e+01
5.680000000000000426e+01
5.720000000000000284e+01
5.760000000000000142e+01
5.800000000000000000e+01
5.840000000000000568e+01
5.880000000000000426e+01
5.920000000000000284e+01
5.960000000000000142e+01
6.000000000000000000e+01
6.040000000000000568e+01
6.080000000000000426e+01
6.120000000000000284e+01
6.160000000000000142e+01
6.200000000000000000e+01
6.240000000000000568e+01
6.280000000000000426e+01
6.320000000000000284e+01
6.360000000000000142e+01
6.400000000000000000e+01
6.440000000000000568e+01
6.480000000000001137e+01
6.520000000000000284e+01
6.559999999999999432e+01
6.600000000000000000e+01
6.640000000000000568e+01
6.680000000000001137e+01
6.720000000000000284e+01
6.759999999999999432e+01
6.800000000000000000e+01
6.840000000000000568e+01
6.880000000000001137e+01
6.920000000000000284e+01
6.959999999999999432e+01
7.000000000000000000e+01
7.040000000000000568e+01
7.080000000000001137e+01
7.120000000000000284e+01
7.159999999999999432e+01
7.200000000000000000e+01
7.240000000000000568e+01
7.280000000000001137e+01
7.320000000000000284e+01
7.359999999999999432e+01
7.400000000000000000e+01
7.440000000000000568e+01
7.480000000000001137e+01
7.520000000000000284e+01
7.559999999999999432e+01
7.600000000000000000e+01
7.640000000000000568e+01
7.680000000000001137e+01
7.720000000000000284e+01
7.759999999999999432e+01
7.800000000000000000e+01
7.840000000000000568e+01
7.880000000000001137e+01
7.920000000000000284e+01
7.959999999999999432e+01
8.000000000000000000e+01
8.040000000000000568e+01
8.080000000000001137e+01
8.120000000000000284e+01
8.159999999999999432e+01
8.200000000000000000e+01
8.240000000000000568e+01
8.280000000000001137e+01
8.320000000000000284e+01
8.359999999999999432e+01
8.400000000000000000e+01
8.440000000000000568e+01
8.479999999999999716e+01
8.520000000000000284e+01
8.560000000000000853e+01
8.600000000000000000e+01
8.640000000000000568e+01
8.679999999999999716e+01
8.720000000000000284e+01
8.760000000000000853e+01
8.800000000000000000e+01
8.840000000000000568e+01
8.879999999999999716e+01
8.920000000000000284e+01
8.960000000000000853e+01
9.000000000000000000e+01
9.040000000000000568e+01
9.079999999999999716e+01
9.120000000000000284e+01
9.160000000000000853e+01
9.200000000000000000e+01
9.240000000000000568e+01
9.279999999999999716e+01
9.320000000000000284e+01
9.360000000000000853e+01
9.400000000000000000e+01
9.440000000000000568e+01
9.479999999999999716e+01
9.520000000000000284e+01
9.560000000000000853e+01
9.600000000000000000e+01
9.640000000000000568e+01
9.680000000000001137e+01
9.720000000000000284e+01
9.760000000000000853e+01
9.800000000000000000e+01
9.840000000000000568e+01
9.880000000000001137e+01
9.920000000000000284e+01
9.960000000000000853e+01
1.000000000000000000e+02
