0.000000000000000000e+00 0.000000000000000000e+00 0.000000000000000000e+00 0.000000000000000000e+00 0.000000000000000000e+00 0.000000000000000000e+00 0.000000000000000000e+00
6.550315845288423588e-15 6.550315845288423588e-15 0.000000000000000000e+00 0.000000000000000000e+00 0.000000000000000000e+00 0.000000000000000000e+00 0.000000000000000000e+00
2.265215792718322518e-12 2.265215792718322518e-12 0.000000000000000000e+00 0.000000000000000000e+00 0.000000000000000000e+00 0.000000000000000000e+00 0.000000000000000000e+00
2.410357191617862327e-10 2.410357191617862327e-10 0.000000000000000000e+00 0.000000000000000000e+00 0.000000000000000000e+00 0.000000000000000000e+00 0.000000000000000000e+00
1.044028682950504106e-08 1.044028682950504106e-08 0.000000000000000000e+00 0.000000000000000000e+00 0.000000000000000000e+00 0.000000000000000000e+00 0.000000000000000000e+00
2.248536706550563480e-07 2.248536706550563480e-07 0.000000000000000000e+00 0.000000000000000000e+00 0.000000000000000000e+00 0.000000000000000000e+00 0.000000000000000000e+00
2.790269420738233919e-06 2.790269420738233919e-06 0.000000000000000000e+00 0.000000000000000000e+00 0.000000000000000000e+00 0.000000000000000000e+00 0.000000000000000000e+00
2.228576391030689940e-05 2.228576391030689940e-05 0.000000000000000000e+00 0.000000000000000000e+00 0.000000000000000000e+00 0.000000000000000000e+00 0.000000000000000000e+00
1.246768310597945462e-04 1.246768310597945462e-04 0.000000000000000000e+00 0.000000000000000000e+00 0.000000000000000000e+00 0.000000000000000000e+00 0.000000000000000000e+00
5.217126044728959133e-04 5.217126044728959133e-04 0.000000000000000000e+00 0.000000000000000000e+00 0.000000000000000000e+00 0.000000000000000000e+00 0.000000000000000000e+00
1.719455830999500057e-03 1.719455830999361279e-03 1.387778780781445676e-16 0.000000000000000000e+00 0.000000000000000000e+00 0.000000000000000000e+00 0.000000000000000000e+00
4.650759791918646080e-03 4.650759791910208385e-03 8.437694987151189707e-15 0.000000000000000000e+00 0.000000000000000000e+00 0.000000000000000000e+00 0.000000000000000000e+00
1.067114437429692031e-02 1.067114437397059801e-02 3.263223025129491361e-13 0.000000000000000000e+00 0.000000000000000000e+00 0.000000000000000000e+00 0.000000000000000000e+00
2.133786679785565354e-02 2.133786678979815443e-02 8.057499112368304850e-12 0.000000000000000000e+00 0.000000000000000000e+00 0.000000000000000000e+00 0.000000000000000000e+00
3.801453831491821700e-02 3.801453817958674875e-02 1.353314682539519254e-10 0.000000000000000000e+00 0.000000000000000000e+00 0.000000000000000000e+00 0.000000000000000000e+00
6.145567483973196632e-02 6.145567320910039211e-02 1.630631574212060286e-09 0.000000000000000000e+00 0.000000000000000000e+00 0.000000000000000000e+00 0.000000000000000000e+00
9.154331829751341520e-02 9.154330356252263212e-02 1.473499078308293520e-08 0.000000000000000000e+00 0.000000000000000000e+00 0.000000000000000000e+00 0.000000000000000000e+00
1.272690305489798945e-01 1.272689268957695463e-01 1.036532103482201705e-07 0.000000000000000000e+00 0.000000000000000000e+00 0.000000000000000000e+00 0.000000000000000000e+00
1.669425113669024685e-01 1.669419255564427718e-01 5.858104596967450561e-07 0.000000000000000000e+00 0.000000000000000000e+00 0.000000000000000000e+00 0.000000000000000000e+00
2.085291502877535119e-01 2.085264179779035276e-01 2.732309849984293493e-06 0.000000000000000000e+00 0.000000000000000000e+00 0.000000000000000000e+00 0.000000000000000000e+00
2.500000000000000000e-01 2.499892385117681026e-01 1.076148823181410918e-05 8.326672684688674053e-17 0.000000000000000000e+00 0.000000000000000000e+00 0.000000000000000000e+00
2.896065941803788180e-01 2.895700887877586949e-01 3.650539261851326600e-05 1.609823385706476984e-15 0.000000000000000000e+00 0.000000000000000000e+00 0.000000000000000000e+00
3.260408461933064217e-01 3.259323561327268637e-01 1.084900605519689698e-04 2.756128658631951112e-14 0.000000000000000000e+00 0.000000000000000000e+00 0.000000000000000000e+00
3.584825085820956270e-01 3.581958281482404693e-01 2.866804334881734029e-04 3.670119763654611234e-13 0.000000000000000000e+00 0.000000000000000000e+00 0.000000000000000000e+00
3.865618401220617395e-01 3.858795288201436469e-01 6.823112980276491157e-04 3.890471278467089178e-12 0.000000000000000000e+00 0.000000000000000000e+00 0.000000000000000000e+00
4.102729863393145271e-01 4.087937248620646669e-01 1.479261443655677244e-03 3.359418299098138050e-11 0.000000000000000000e+00 0.000000000000000000e+00 0.000000000000000000e+00
4.298696440658299478e-01 4.269191761474439017e-01 2.950467677260232291e-03 2.411257860046589485e-10 0.000000000000000000e+00 0.000000000000000000e+00 0.000000000000000000e+00
4.457652760305523820e-01 4.403037158829430919e-01 5.461558683181905183e-03 1.464427384911815011e-09 0.000000000000000000e+00 0.000000000000000000e+00 0.000000000000000000e+00
4.584502535791632472e-01 4.489948206025362598e-01 9.455425331660272104e-03 7.644966715236733990e-09 0.000000000000000000e+00 0.000000000000000000e+00 0.000000000000000000e+00
4.684303878094801532e-01 4.530145507492586709e-01 1.541580227158742544e-02 3.478863402905929547e-08 0.000000000000000000e+00 0.000000000000000000e+00 0.000000000000000000e+00
4.761861353476841696e-01 4.523722706953683392e-01 2.381372493271907698e-02 1.397195967256514848e-07 2.775557561562891351e-17 0.000000000000000000e+00 0.000000000000000000e+00
4.821490686430892625e-01 4.471027219920110651e-01 3.504584585619993642e-02 5.007948779556237184e-07 2.498001805406602216e-16 0.000000000000000000e+00 0.000000000000000000e+00
4.866913002924573295e-01 4.373134596761091286e-01 4.937622267252636532e-02 1.617943819198774946e-06 2.636779683484746784e-15 0.000000000000000000e+00 0.000000000000000000e+00
4.901237359145833028e-01 4.232264409930235338e-01 6.689254109562092765e-02 4.753825914388665197e-06 2.448041769298470172e-14 0.000000000000000000e+00 0.000000000000000000e+00
4.926997381926582209e-01 4.052026849730361868e-01 8.748424804547791367e-02 1.280517395016445015e-05 1.939559624020148476e-13 0.000000000000000000e+00 0.000000000000000000e+00
4.946216435476130102e-01 3.837447387849585723e-01 1.108450530045589633e-01 3.185175676342910656e-05 1.331990073794031559e-12 0.000000000000000000e+00 0.000000000000000000e+00
4.960483744232313530e-01 3.594774515984082708e-01 1.364972804694399300e-01 7.364234736467745179e-05 8.018447017477114969e-12 0.000000000000000000e+00 0.000000000000000000e+00
4.971030430116515353e-01 3.331119511292446322e-01 1.638318926692701183e-01 1.591991703944750647e-04 4.274230969159020788e-11 0.000000000000000000e+00 0.000000000000000000e+00
4.978799262902536826e-01 3.054000988481263557e-01 1.921563023681819027e-01 3.235248703378490465e-04 2.036075752442911835e-10 0.000000000000000000e+00 0.000000000000000000e+00
4.984505240722191255e-01 2.770870790721615684e-01 2.207423586615504252e-01 6.210854644744523423e-04 8.740325962985906472e-10 0.000000000000000000e+00 0.000000000000000000e+00
4.988686223189436886e-01 2.488686223189436331e-01 2.488686223189436331e-01 1.131374274102453503e-03 3.406953913431820524e-09 0.000000000000000000e+00 0.000000000000000000e+00
4.991744058258312799e-01 2.213573383405731676e-01 2.758535222371695239e-01 1.963533104998221868e-03 1.214309042207872835e-08 2.775557561562891351e-17 0.000000000000000000e+00
4.993977258668487185e-01 1.950603783520625245e-01 3.010784769475008393e-01 3.258830740260648673e-03 3.982702440064045390e-08 3.053113317719180486e-16 0.000000000000000000e+00
4.995606514710814183e-01 1.703686377458420442e-01 3.240020287570428703e-01 5.189864063940369254e-03 1.209042539418447859e-07 2.248201624865941994e-15 0.000000000000000000e+00
4.996794335402428011e-01 1.475562211720970740e-01 3.441671867751304736e-01 7.955684053416539614e-03 3.415395842809587634e-07 1.443289932012703503e-14 0.000000000000000000e+00
4.997659996818130113e-01 1.267880036402813659e-01 3.612044811369723996e-01 1.177261269247731335e-02 9.022119984991583408e-07 8.346101587619614293e-14 0.000000000000000000e+00
4.998290812017224249e-01 1.081327811076494283e-01 3.748328642432994240e-01 1.686119709599992467e-02 2.238754336886250584e-06 4.367339823119209541e-13 0.000000000000000000e+00
4.998750561804716774e-01 9.157958415915742889e-02 3.848598332022986623e-01 2.343039867842142132e-02 5.240138512718761632e-06 2.081362859840396595e-12 0.000000000000000000e+00
4.999085761079516965e-01 7.705507832187652451e-02 3.911812843722075606e-01 3.166059928897740905e-02 1.161411580374860364e-05 9.086426056015284303e-12 0.000000000000000000e+00
4.999330291702677176e-01 6.444045616205271165e-02 3.937808845414407788e-01 4.168722719522122144e-02 2.446123501562147418e-05 3.653730096253582360e-11 0.000000000000000000e+00
4.999508812707925687e-01 5.358673229883087474e-02 3.927282979439232768e-01 5.358673229883084699e-02 4.911859319711719962e-05 1.360103973890858242e-10 0.000000000000000000e+00
4.999639261537229817e-01 4.432781165486676667e-02 3.881754861776093302e-01 6.736630645971675158e-02 9.432139062529043549e-05 4.709048706530438722e-10 0.000000000000000000e+00
4.999734683262981316e-01 3.649107537122647793e-02 3.803504571218388475e-01 8.295823551857783862e-02 1.736987916307053403e-04 1.523024206750989151e-09 5.551115123125782702e-17
4.999804565252211064e-01 2.990550510286982266e-02 3.695481845211162075e-01 1.002191924394691125e-01 3.075698417264183249e-04 4.620039212310800281e-09 2.775557561562891351e-16
4.999855809225074998e-01 2.440754930813826551e-02 3.561188393014670939e-01 1.189342400056368210e-01 5.249391131733893712e-04 1.319409043132324655e-08 1.443289932012703503e-15
4.999893438255937905e-01 1.984503874443055427e-02 3.404538647551857977e-01 1.388248854090366469e-01 8.655193189614218685e-04 3.559797201457826077e-08 7.355227538141662080e-15
4.999921110489686793e-01 1.607950067589408727e-02 3.229707171320348458e-01 1.595602598621204682e-01 1.381542346334391214e-03 9.103255058096060282e-08 3.430589146091733710e-14
4.999941492176920299e-01 1.298722029941484779e-02 3.040972434234094912e-01 1.807703886149064632e-01 2.139075564012410391e-03 2.213158003250281780e-07 1.484645739679990584e-13
4.999956528461876326e-01 1.045936939941688459e-02 2.842566753587508765e-01 2.020605454310686333e-01 3.218549672679593687e-03 5.129836729567127662e-07 5.987432771803469223e-13
4.999967639933914354e-01 8.401478846000176581e-03 2.638541044678479053e-01 2.230258083632498389e-01 4.714235679929429379e-03 1.136634105863842947e-06 2.258193632087568403e-12
4.999975865317008994e-01 6.732482498663872050e-03 2.432651040330370273e-01 2.432651040330370273e-01 6.732482498663872050e-03 2.413460305383807736e-06 7.993716799603589607e-12
4.999981965095113279e-01 5.383511594162726510e-03 2.228269211630860280e-01 2.623942053127250595e-01 9.388636094466662474e-03 4.922318423888905059e-06 2.664696241438946345e-11
4.999986496809120107e-01 4.296574544927989070e-03 2.028324141790088797e-01 2.800573046651869680e-01 1.280269228060981757e-02 9.663927268505068113e-06 8.390990680062770934e-11
4.999989869808493248e-01 3.423219163759261274e-03 1.835266869171293669e-01 2.959369091740635116e-01 1.709387035512663355e-02 1.830112043799125843e-05 2.503325324809679842e-10
4.999992385097443703e-01 2.723243278135389911e-03 1.651061919654786825e-01 3.097618927977288661e-01 2.237441528844977268e-02 3.349447045036813009e-05 7.095013188074261734e-10
4.999994264361952157e-01 2.163495292336448106e-03 1.477199485526417277e-01 3.213136043987939727e-01 2.874302625334562711e-02 5.935002375226372529e-05 1.915325148482693862e-09
4.999995671138370845e-01 1.716787814247111577e-03 1.314724484847352715e-01 3.304299781443816308e-01 3.627835830458778221e-02 1.019894291490464067e-04 4.936736269778307928e-09
4.999996726269571035e-01 1.360934084854992232e-03 1.164277996092792367e-01 3.370076369652416082e-01 4.503304785654896336e-02 1.702419340925132030e-04 1.217693981758749544e-08
4.999997519204544827e-01 1.077907681357237468e-03 1.026146714525455750e-01 3.410020275814253932e-01 5.502867365569463765e-02 2.764427441470374003e-04 2.880528454651809511e-08
4.999998116270349957e-01 8.531199118028132133e-04 9.003165105980112659e-02 3.424256802099339136e-01 6.625199088635935762e-02 4.373040769481972845e-04 6.548218955959583809e-08
4.999998566735741057e-01 6.748056900290899662e-04 7.865267794991348538e-02 3.413447460685429258e-01 7.865267794991348538e-02 6.748056900291177218e-04 1.433251460292161994e-07
4.999998907261131720e-01 5.335068129820319527e-04 6.843229605016307171e-02 3.378740264855435438e-01 9.214272562158332125e-02 1.017033166068187500e-03 3.025897730157822707e-07
4.999999165165396331e-01 4.216409270093590678e-04 5.931052997764152401e-02 3.321707624725455665e-01 1.065974883210283053e-01 1.498877570380585666e-03 6.172479342925196732e-07
4.999999360818192518e-01 3.331446532817139428e-04 5.121725764649198709e-02 3.244274966831415807e-01 1.218583166350624136e-01 2.162501926688209508e-03 1.218537153319099176e-06
4.999999509371902962e-01 2.631800358448010968e-04 4.407600745768650019e-02 3.148643457761912678e-01 1.377366056565663410e-01 3.057480412456320407e-03 2.331598445121096930e-06
4.999999621966365604e-01 2.078944543588145955e-04 3.780715452164123969e-02 3.037210275114000657e-01 1.540190288366406757e-01 4.240526441894348908e-03 4.330430701499077273e-06
4.999999706456759174e-01 1.642252499844953917e-04 3.233052605493408338e-02 2.912489730614457595e-01 1.704736829647379714e-01 5.774745885878118656e-03 7.817428695489070378e-06
4.999999767610876500e-01 1.297414414616615552e-04 2.756745180965292086e-02 2.777038229304741868e-01 1.868568457078955691e-01 7.728380330941392318e-03 1.373454066189161438e-05
4.999999806568847238e-01 1.025159920572393801e-04 2.344231226734444506e-02 2.633385581791954921e-01 2.029200407293195729e-01 1.017304015216899393e-02 2.351333679900813323e-05
4.999999819117145750e-01 8.102308748059172672e-05 1.988364680225457315e-02 2.483974621025989982e-01 2.184171140505447584e-01 1.318146510988776887e-02 3.927075894785692078e-05
4.999999791945342609e-01 6.405578035151293648e-05 1.682488762764705603e-02 2.331110461892685892e-01 2.331110461892685892e-01 1.682488762764708379e-02 6.405578035145742533e-05
4.999999695457149063e-01 5.066014182419920076e-05 1.420478456224505415e-02 2.176920129674329574e-01 2.467802550336557488e-01 2.117010737545158006e-02 1.021494651053111991e-04
4.999999470808730306e-01 4.008273742689416608e-05 1.196758181391627263e-02 2.023322713573570963e-01 2.592241820143030839e-01 2.627641224179094737e-02 1.594169160787639594e-04
4.999999007547353824e-01 3.172881909396796374e-05 1.006300219235134463e-02 1.872009705509916633e-01 2.702679967747068646e-01 3.219249798943271679e-02 2.437044281588529593e-04
4.999998106421393862e-01 2.512910844637561425e-05 8.446087328831286545e-03 1.724434782656963649e-01 2.797663012675973837e-01 3.895354558336694417e-02 3.652690882010312112e-04
4.999996419545930659e-01 1.991344845558851162e-05 7.076935283434004909e-03 1.581811994265736043e-01 2.876057611636859690e-01 4.657861110456104625e-02 5.372215278828806895e-04
4.999993357096741975e-01 1.578993259632177626e-05 5.920369851243612036e-03 1.445121119326912562e-01 2.937066388468252964e-01 5.506846901359604973e-02 7.759561327216890625e-04
4.999987946104154091e-01 1.252839280763140550e-05 4.945569270304706055e-03 1.315118864189061543e-01 2.980232463324286596e-01 6.440402677008941201e-02 1.101537425878817977e-03
4.999978622868440636e-01 9.947349480787792686e-06 4.125676085331708709e-03 1.192354555737378252e-01 3.005433765332042872e-01 7.454539945997287753e-02 1.538007285116549383e-03
4.999962936296890037e-01 7.903706646272823377e-06 3.437404731939319724e-03 1.077189040429875622e-01 3.012868059423277067e-01 8.543169944852499476e-02 2.113575757263091992e-03
4.999937135498153662e-01 6.284620828911346990e-06 2.860659001902243759e-03 9.698156055029108491e-02 3.003029898245998530e-01 9.698156055029108491e-02 2.860659001902243759e-03
4.999895611840654008e-01 5.001088896006145035e-06 2.378167905145223138e-03 8.702818794883954157e-02 2.976680915828013863e-01 1.090943810542071013e-01 3.815731604176142433e-03
4.999830164089570372e-01 3.982893886866900601e-06 1.975145500610731020e-03 7.785118298200324749e-02 2.934815007054079050e-01 1.216522371631690025e-01 5.018967163879284321e-03
4.999729055948863299e-01 3.174622667578841373e-06 1.638977949264208700e-03 6.943271429379921367e-02 2.878619986531284480e-01 1.345223896400572217e-01 6.513650435969686736e-03
4.999575839101377817e-01 2.532528918852694488e-06 1.358939263823355503e-03 6.174674366764934530e-02 2.809437296785855520e-01 1.475602829242074476e-01 8.345355846953311785e-03
4.999347922291611512e-01 2.022062418449710464e-06 1.125935906426012156e-03 5.476089081946089454e-02 2.728721247349142898e-01 1.606129184987453440e-01 1.056090020719613332e-02
4.999014878527547889e-01 1.615923239606242845e-06 9.322794368991638159e-04 4.843811581032206326e-02 2.637999124348839874e-01 1.735224732497713251e-01 1.320709099763858752e-02
4.998536498144485751e-01 1.292529333285497017e-06 7.714857674248065678e-04 4.273820497319821832e-02 2.538833327719046684e-01 1.861300289925191254e-01 1.632930478006852648e-02
4.997860614902518428e-01 1.034809569144812258e-06 6.380991699349025659e-04 3.761905604470977549e-02 2.432786483820849888e-01 1.982792809536316203e-01 1.996994213032141086e-02
4.996920754637139694e-01 8.292529679043703084e-07 5.275389555087772742e-04 3.303776597551116856e-02 2.321390258626027658e-01 2.098201002291852635e-01 2.416681518793803440e-02
4.995633679941143823e-01 6.651595827467104982e-07 4.359666544503371099e-04 2.895153078135126457e-02 2.206118373086893847e-01 2.206118373086893569e-01 2.895153078135126457e-02
4.993896928217328446e-01 5.340500973671780116e-07 3.601715340587618996e-04 2.531837097999589670e-02 2.088364108610528680e-01 2.305262697343842260e-01 3.434793566214372484e-02
4.991586462218317033e-01 4.292003592532012135e-07 2.974723682963031912e-04 2.209769886412715767e-02 1.969422395267630688e-01 2.394501158236389815e-01 4.037069043864693896e-02
4.988554569783433812e-01 3.452742691201216019e-07 2.456334960632688968e-04 1.925074532990023179e-02 1.850476404770897421e-01 2.472870570495177556e-01 4.702403535150329050e-02
4.984628160881173220e-01 2.780341187280654935e-07 2.027933545047377883e-04 1.674086445568739867e-02 1.732588428318870277e-01 2.539592330918797325e-01 5.430080432003969726e-02
4.979607613550405265e-01 2.241119296253479831e-07 1.674038371755615096e-04 1.453373373155075754e-02 1.616694707931314867e-01 2.594081947404916488e-01 6.218173414076147432e-02
4.973266314668935983e-01 1.808288532245683200e-07 1.381789940966826613e-04 1.259746698034192036e-02 1.503603808841275091e-01 2.635953198571349132e-01 7.063510392233932067e-02
4.965351026065332185e-01 1.460524520213724031e-07 1.140517548167130357e-04 1.090265576201721043e-02 1.393998068270913548e-01 2.665017157271233339e-01 7.961672648303258493e-02
4.955583181462463460e-01 1.180838489767133126e-07 9.413751187492547245e-05 9.422353561103491426e-03 1.288437629770284865e-01 2.681276467550230969e-01 8.907029925736736908e-02
4.943661185992099805e-01 9.556844066116454428e-08 7.770354763947384669e-05 8.132015442383844217e-03 1.187366568735203354e-01 2.684915391632365922e-01 9.892810800398912918e-02
4.929263749157583030e-01 7.742520646836226206e-08 6.414342074961831841e-05 7.009404214689651802e-03 1.091120629810635734e-01 2.676286238929854733e-01 1.091120629810635456e-01
4.912054236357221160e-01 6.279070413617304780e-08 5.295554866374674319e-05 6.034472536656065866e-03 9.999361265700337786e-02 2.655892852149505101e-01 1.195350348877442515e-01
4.891685976060805019e-01 5.097466848624776503e-08 4.372533012381163431e-05 5.189228880677354550e-03 9.139595941936348722e-02 2.624371857181098111e-01 1.301024472831375234e-01
4.867808412330039136e-01 4.142478438051711009e-08 3.611024615851610164e-05 4.457593874509835352e-03 8.332578332014145550e-02 2.582472385813352478e-01 1.407140737860744784e-01
4.840073948470459131e-01 3.369871737213259166e-08 2.982746132590419208e-05 3.825252282822766414e-03 7.578280334023751452e-02 2.531034956713292816e-01 1.512659823926131020e-01
4.808145289863320349e-01 2.744188953851534052e-08 2.464351918002316566e-05 3.279504781656450429e-03 6.876077193680957267e-02 2.470970154579949507e-01 1.616525658488014994e-01
4.771703064707892850e-01 2.236980645164976522e-08 2.036578844016867507e-05 2.809122717394085811e-03 6.224843097144733273e-02 2.403237684466681956e-01 1.717685961770330227e-01
4.730453482202016668e-01 1.825399259525184448e-08 1.683537008440039173e-05 2.404208222896664360e-03 5.623041305862305772e-02 2.328826302661661796e-01 1.815112430484387418e-01
4.684135779630480556e-01 1.491078871485029822e-08 1.392122158100361773e-05 2.056061377408158197e-03 5.068807677707976023e-02 2.248735041849598271e-01 1.907819994912305916e-01
4.632529213235420107e-01 1.219242140582110778e-08 1.151529366361092599e-05 1.757055531845963525e-03 4.560026810397654895e-02 2.163956060883420462e-01 1.994884641132924907e-01
4.575459362229464810e-01 9.979878645705042572e-09 9.528508323919382406e-06 1.500521464036175256e-03 4.094400382146626272e-02 2.075459362246207251e-01 2.075459362246207251e-01
4.512803539862916269e-01 8.177220178762212299e-09 7.887434843145690877e-06 1.280640665894561270e-03 3.669507549707956562e-02 1.984179536479565575e-01 2.148787885632976458e-01
4.444495138520100364e-01 6.707031041663924498e-09 6.531544422316848397e-06 1.092347783319513876e-03 3.282857496583757584e-02 1.891004615150462809e-01 2.214215913363533350e-01
4.370526775446753609e-01 5.506784139797105126e-09 5.410943936690060241e-06 9.312420172313262690e-04 2.931934407414416022e-02 1.796767044315323858e-01 2.271199705710466310e-01
4.290952149701006135e-01 4.525928742893370327e-09 4.484506091972928488e-06 7.935071393113668492e-04 2.614235282621529821e-02 1.702236730261117437e-01 2.319311929464415167e-01
4.205886566979469277e-01 3.723556685208961881e-09 3.718327284629729945e-06 6.758396682937650723e-04 2.327301105358658972e-02 1.608116059299428691e-01 2.358244779952823889e-01
4.115506134851524833e-01 3.066531417683648897e-09 3.084456180524330904e-06 5.753846830751641050e-04 2.068741936120604974e-02 1.515036753770347411e-01 2.387810465411245864e-01
4.020045674569397987e-01 2.527985265565746431e-09 2.559845800109705749e-06 4.896787095619026253e-04 1.836256544438058524e-02 1.423558396937936732e-01 2.407939212354182623e-01
3.919795435217952040e-01 2.086112449450894246e-09 2.125490026483323192e-06 4.165991023705739593e-04 1.627647197213000219e-02 1.334168439528423122e-01 2.418675009183133828e-01
3.815096730087939592e-01 1.723198306269324576e-09 1.765712217494108671e-06 3.543193445850190137e-04 1.440830214352600835e-02 1.247283489407950002e-01 2.420169351444721451e-01
3.706336642756088429e-01 1.424837636765374782e-09 1.467579212766079166e-06 3.012697040700729190e-04 1.273842878891662256e-02 1.163251682268137549e-01 2.412673285517579480e-01
3.593941970801846075e-01 1.179305320064827356e-09 1.220418680392132416e-06 2.561027095328571868e-04 1.124847254686606179e-02 1.082355934030659605e-01 2.396528068227340436e-01
3.478372588148056499e-01 9.770482201076902129e-10 1.015421603189903266e-06 2.176629405181151888e-04 9.921314233993117071e-03 1.004817883806354839e-01 2.372154768610074960e-01
3.360114412810397133e-01 8.102752357963538543e-10 8.453148914733255026e-07 1.849606603980813446e-04 8.741086067044157026e-03 9.308023484799121672e-02 2.340043135804395491e-01
3.239672165821903538e-01 6.726263990231018397e-10 7.040917457956652470e-07 1.571488582609581464e-04 7.693145917706978310e-03 8.604221252322608038e-02 2.300740045186241423e-01
3.117562099961603828e-01 5.589050333654199676e-10 5.867895710442994073e-07 1.335033029812859873e-04 6.764038299307661983e-03 7.937429955496108636e-02 2.254837814904342430e-01
2.994304864545856981e-01 4.648605944623795949e-10 4.893070404410337915e-07 1.134052495905812918e-04 5.941445314845528181e-03 7.307888026089454092e-02 2.202962658573540400e-01
2.870418655943040021e-01 3.870132547767468623e-10 4.082533895388706924e-07 9.632647358864820930e-05 5.214130348293766204e-03 6.715464926119105171e-02 2.145763508708277700e-01
2.746412783709644700e-01 3.225114619809232863e-10 3.408242438829311993e-07 8.181634251908098676e-05 4.571876863044277428e-03 6.159710290330788762e-02 2.083901411153378791e-01
2.622781760381346916e-01 2.690161426954773560e-10 2.846992905314316147e-07 6.949066563555206244e-05 4.005424287487568957e-03 5.639901063553992566e-02 2.018039654811649708e-01
2.499999999999510947e-01 2.246068886435637069e-10 2.379579344680138320e-07 5.902209162267357812e-05 3.506402620525983505e-03 5.155086063088948345e-02 1.948834764743715975e-01
2.378517187338259897e-01 1.877055733068289101e-10 1.990097618365105347e-07 5.013185102825667983e-05 3.067267080156976800e-03 4.704127546437775198e-02 1.876928451407955944e-01
2.258754357329827434e-01 1.570139018802763076e-10 1.665371978099017269e-07 4.258266432288770886e-05 2.681233845661101789e-03 4.285739498898172295e-02 1.802940575398053191e-01
2.141100703042531639e-01 1.314630071469480299e-10 1.394482065930624515e-07 3.617265839434002928e-05 2.342217706949700773e-03 3.898522472980286979e-02 1.727463156294366531e-01
2.025911111279964649e-01 1.101720381591064779e-10 1.168372637527781421e-07 3.073015392007771851e-05 2.044772231158120679e-03 3.540994912158124119e-02 1.651055426739012344e-01
1.913504407831368992e-01 9.241418741368079282e-11 9.795314470650851035e-08 2.610920357914991996e-05 1.784032884040664957e-03 3.211620975555440349e-02 1.574239908944037869e-01
1.804162279864182927e-01 7.758960141046600256e-11 8.217232860818768359e-08 2.218577661816656388e-05 1.555663399335882602e-03 2.908834948642613494e-02 1.497499470741198990e-01
1.698128831036223030e-01 6.520223250205958720e-11 6.897703308528235766e-08 1.885449903649139003e-05 1.355805570092294410e-03 2.631062379040949306e-02 1.421275302018487063e-01
1.595610715631652909e-01 5.484213083661870769e-11 5.793706503443019074e-08 1.602587076499073504e-05 1.181032539084969635e-03 2.376738117450560850e-02 1.345965739869025568e-01
1.496777791312567385e-01 4.616956816860806612e-11 4.869482006508718541e-08 1.362389184350609739e-05 1.028305588093747502e-03 2.144321473004934253e-02 1.271925861802805091e-01
1.401764225771577332e-01 3.890315847243641656e-11 4.095287869931851787e-08 1.158403889695014399e-05 8.949343653081864858e-04 1.932308711518732069e-02 1.199467760659834042e-01
1.310669990458042111e-01 3.280942184602508860e-11 3.446374596816070834e-08 9.851541325212043176e-06 7.785404440073806498e-04 1.739243135627005499e-02 1.128861412076461873e-01
1.223562674379404802e-01 2.769456886042576116e-11 2.902136064797389281e-08 8.379913678635553254e-06 6.770240716991171581e-04 1.563722989142668496e-02 1.060336045120808257e-01
1.140479552473251390e-01 2.339756166591655528e-11 2.445406493967183792e-08 7.129706818986836225e-06 5.885339450715787457e-04 1.404407425423082056e-02 9.940819286374125152e-02
1.061429845919586168e-01 1.978439634342521458e-11 2.061878190406929434e-08 6.067445771584800696e-06 5.114398306297895935e-04 1.260020772356701402e-02 9.302524895342392797e-02
9.863971157323978001e-02 1.674371752358183585e-11 1.739619048812812707e-08 5.164726763373650442e-06 4.443078421826340829e-04 1.129355315853403097e-02 8.689666843282553566e-02
9.153417357627788298e-02 1.418243300577159971e-11 1.468672522486613730e-08 4.397449898829730586e-06 3.858781830660684697e-04 1.011272810407892742e-02 8.103115513832639949e-02
8.482033966096833022e-02 1.202321575632936401e-11 1.240725810980336519e-08 3.745167336144383796e-06 3.350451619554828397e-04 9.047049102363702300e-03 7.543448781003167514e-02
7.849035976400356440e-02 1.020139528407071339e-11 1.048834535888332198e-08 3.190529758057003562e-06 2.908392953572813688e-04 8.086526983626496357e-03 7.010979245671497551e-02
7.253480901663478253e-02 8.662848216545171454e-12 8.871941181709530611e-09 2.718816450364425208e-06 2.524113165380259538e-04 7.221854744337563581e-03 6.505781525870479864e-02
6.694292406457663658e-02 7.362499498952956856e-12 7.509498967106509326e-09 2.317536460794134001e-06 2.190179190631469375e-04 6.444389454478061108e-03 6.027719163771316779e-02
6.170282884076241925e-02 6.262490526154351755e-12 6.360393045579115778e-09 1.976090162503219005e-06 1.900090727077752284e-04 5.746129473503502894e-03 5.576470783773310180e-02
5.680174777743290937e-02 5.331235453098770449e-12 5.390606128141683939e-09 1.685482127589121859e-06 1.648167598175542814e-04 5.119688098825625477e-03 5.151555204072477689e-02
5.222620494271337788e-02 4.542199949497671696e-12 4.571637735040212647e-09 1.438077571525031573e-06 1.429449908609270459e-04 4.558264623541308236e-03 4.752355267455968257e-02
4.796220804232867452e-02 3.873013021404858591e-12 3.879595311673256219e-09 1.227395784009210900e-06 1.239609686525811050e-04 4.055613643068556318e-03 4.378140215135520319e-02
4.399541663558112492e-02 3.305133944309091021e-12 3.294437167511432563e-09 1.047934947984163756e-06 1.074872813083826983e-04 3.606013324198409364e-03 4.028086479738404724e-02
4.031129427426188849e-02 2.822797551260691762e-12 2.799341869419436080e-09 8.950235893534497222e-07 9.319501425708587306e-05 3.204233235277464953e-03 3.701296819897331725e-02
3.689524458349430214e-02 2.412736677115390194e-12 2.380182384520423966e-09 7.646946162398471358e-07 8.079768146102006554e-05 2.845502232855900981e-03 3.396817759196602005e-02
3.373273156565148589e-02 2.063849091626934751e-12 2.025087209034381885e-09 6.535785164185625717e-07 7.004588530462596552e-05 2.525476807978432880e-03 3.113655326670095036e-02
3.080938462458177041e-02 1.766753410237242861e-12 1.724074327746905055e-09 5.588127994227143347e-07 6.072262334488875979e-05 2.240210213929283434e-03 2.850789124866709434e-02
2.811108898027181446e-02 1.513678071773938427e-12 1.468745347565914017e-09 4.779652127417932661e-07 5.263916825265502197e-05 1.986122626092101662e-03 2.607184775045529035e-02
2.562406227727198615e-02 1.297850715786807996e-12 1.252030090714839616e-09 4.089686338470954752e-07 4.563145479691277373e-05 1.759972522976938070e-03 2.381804807753634678e-02
2.333491828750261510e-02 1.113609204850263268e-12 1.067972876800382664e-09 3.500658613542206865e-07 3.955691464607724583e-05 1.558829424641972050e-03 2.173618081326672558e-02
2.123071867345754926e-02 9.562906022608785861e-13 9.115536103720955907e-10 2.997627958079007726e-07 3.429170608759690708e-05 1.380048079929918625e-03 1.981607821213432485e-02
1.929901381539378402e-02 8.217870828275408712e-13 7.785386224590240545e-10 2.567887325000128840e-07 2.972829153369271893e-05 1.221244156350720367e-03 1.804778379941646138e-02
1.752787371978259401e-02 7.067124663251433958e-13 6.653548267898656832e-10 2.200626824655493863e-07 2.577332090591966107e-05 1.080271455313530637e-03 1.642160821481913890e-02
1.590591001994789977e-02 6.082356840408920107e-13 5.689851922952016139e-10 1.886648032800586350e-07 2.234578371290707466e-05 9.552006499907172987e-04 1.492817435184756736e-02
1.442229005697404087e-02 5.238587341693801136e-13 4.868804248658875622e-10 1.618121606150602076e-07 1.937539688878775479e-05 8.442995226872196390e-04 1.355845283783313482e-02
1.306674399295132405e-02 4.515277041150511650e-13 4.168854150776724055e-10 1.388381617450917815e-07 1.680119927199852370e-05 7.460146625338226478e-04 1.230378887564681500e-02
1.182956586242106534e-02 3.894662370385049144e-13 3.571767326349117866e-10 1.191751018425613040e-07 1.457032702256721990e-05 6.589545720179224020e-04 1.115592143071253428e-02
1.070160941414721734e-02 3.361755318564974004e-13 3.062111120222255067e-10 1.023393486065948821e-07 1.263694732156483980e-05 5.818741217635814422e-04 1.010699569916617691e-02
9.674279536424745807e-03 2.903788320907096931e-13 2.626813211392686753e-10 8.791876510150231638e-08 1.096133041283975373e-05 5.136602865731809686e-04 9.149569737701923611e-03
8.739519997048583733e-03 2.510214258677478938e-13 2.254793574074653861e-10 7.556203013292517312e-08 9.509042459832084404e-06 4.533190916098939205e-04 8.276616075218345969e-03
7.889798165519879003e-03 2.171041124654493615e-13 1.936659166368315255e-10 6.496956733714753796e-08 8.250243827945258346e-06 3.999636953335716782e-04 7.481519062908004170e-03
7.118087321495103481e-03 1.879607580690390023e-13 1.664436366510813059e-10 5.588584039983857110e-08 7.159079298435511163e-06 3.528035350658376146e-04 6.758068654658833108e-03
6.417847091032047313e-03 1.628142065612792067e-13 1.431356699832520007e-10 4.809280557127593170e-08 6.213148392386624863e-06 3.111344615452926732e-04 6.100451244990312549e-03
5.783002491792588184e-03 1.411093464298573963e-13 1.231669766177390102e-10 4.140434761712441514e-08 5.393045458434997386e-06 2.743297902924046738e-04 5.503238128386045425e-03
5.207922010716792283e-03 1.224020884649235086e-13 1.060487253567998778e-10 3.566154921363917651e-08 4.681960480645841471e-06 2.418321998024497432e-04 4.961372082713355613e-03
4.687395083319556566e-03 1.062483434566274809e-13 9.136502665541001988e-11 3.072866894271442106e-08 4.065332703362400935e-06 2.131464093458879105e-04 4.470152521130088541e-03
4.216609293028861227e-03 9.225953334635050851e-14 7.876216345792386164e-11 2.648971980656611436e-08 3.530550177044400328e-06 1.878325723158047467e-04 4.025219601961782523e-03
3.791127562105034432e-03 8.021361352916756005e-14 6.793859919085321053e-11 2.284555877807292745e-08 3.066689210629025553e-06 1.655003244882546909e-04 3.622537634828559838e-03
3.406865562761540733e-03 6.972200594645983074e-14 5.863765029090473035e-11 1.971140956014139078e-08 2.664288486053933980e-06 1.458034301535238164e-04 3.258378074005030545e-03
3.060069538150245183e-03 6.067368829576480493e-14 5.064021424416864647e-11 1.701475371707061868e-08 2.315153270482372960e-06 1.284349727322386947e-04 2.929302346692919112e-03
2.747294687820089898e-03 5.290212712338870915e-14 4.375955153790300756e-11 1.469353538841033924e-08 2.012185750077666313e-06 1.131230401550942233e-04 2.632144724567075933e-03
2.465384240970480700e-03 4.612976667317525425e-14 3.783617863462040987e-11 1.269463145714411212e-08 1.749238029313815446e-06 9.962685889075562073e-05 2.363995411536645719e-03
2.211449313138602601e-03 4.019007349143066676e-14 3.273392668035057795e-11 1.097254842541417474e-08 1.520984787839463337e-06 8.773333401579375135e-05 2.122183989012427219e-03
1.982849617660042973e-03 3.508304757815494668e-14 2.833633327981033290e-11 9.488311469851851143e-09 1.322812983539645160e-06 7.725395610080898479e-05 1.904263331892808164e-03
1.777175082121051908e-03 3.064215547965432052e-14 2.454386693884202941e-11 8.208517754404454081e-09 1.150726331666795943e-06 6.802203891226321630e-05 1.707994083784858397e-03
1.592228401812001426e-03 2.675637489346627262e-14 2.127142906260814925e-11 7.104528243484509176e-09 1.001262589950258075e-06 5.989025498942535108e-05 1.531329758406196895e-03
1.426008546668799948e-03 2.342570581959080300e-14 1.844585595378589460e-11 6.151778975116428683e-09 8.714219397742972717e-07 5.272843903136870125e-05 1.372402515449400173e-03
1.276695225094215402e-03 2.048361480433413817e-14 1.600491961184502543e-11 5.329192365177704005e-09 7.586049790009319338e-07 4.642163172763336121e-05 1.229509643169812705e-03
1.142634297146061240e-03 1.793010184769627813e-14 1.389499626469614668e-11 4.618675553125228816e-09 6.605590406882910770e-07 4.086833917416043960e-05 1.101100766342733017e-03
1.022324120633577582e-03 1.570965579844596505e-14 1.207006716796854562e-11 4.004691411818583902e-09 5.753317209311603619e-07 3.597898534668519943e-05 9.857657867887725800e-04
9.144028064507203624e-04 1.376676550535194110e-14 1.049077491543926044e-11 3.473892007388457159e-09 5.012306496521290455e-07 3.167453725361202288e-05 8.822235541509071410e-04
8.176363537898967415e-04 1.204591981718294846e-14 9.123368727159686387e-12 3.014805460832548079e-09 4.367886659029096563e-07 2.788528436947768085e-05 7.893112568136406715e-04
7.309076315303864035e-04 1.060262988517024496e-14 7.938538715279719327e-12 2.617568495288935537e-09 3.807336718675280451e-07 2.454975576798856807e-05 7.059745165728936733e-04
6.532061688955814738e-04 9.270362255620057113e-15 6.911582417501449527e-12 2.273697008448039014e-09 3.319625363484846048e-07 2.161376003173565152e-05 6.312581657096361099e-04
5.836187162694406183e-04 8.160139230994900572e-15 6.020739462542223919e-12 1.975890617789133330e-09 2.895185041151826510e-07 1.902953453236655434e-05 5.642976813134414904e-04
5.213205356973671378e-04 7.160938508832259686e-15 5.247691170495727420e-12 1.717864461792117936e-09 2.525716385481935333e-07 1.675499205272545922e-05 5.043112488867795840e-04
4.655673799434101312e-04 6.328271240363392280e-15 4.576339307504895260e-12 1.494206258723096425e-09 2.204018896834192276e-07 1.475305397180548539e-05 4.505924252929949247e-04
4.156881189105177121e-04 5.551115123125782702e-15 3.993139152669300529e-12 1.300252516767130828e-09 1.923844354378978494e-07 1.299106036811714660e-05 4.025033698557556328e-04
3.710779726527890787e-04 4.884981308350688778e-15 3.486155808474222795e-12 1.131983839997019459e-09 1.679769879858739046e-07 1.144024841986945873e-05 3.594686117700529593e-04
3.311923110201342446e-04 4.329869796038110508e-15 3.045175223093110617e-12 9.859342786633362721e-10 1.467088029949437100e-07 1.007529140312213300e-05 3.209693218302334117e-04
2.955409810980746954e-04 3.774758283725532237e-15 2.661482145782656517e-12 8.591138911384632593e-10 1.281711612399760725e-07 8.873891423344382190e-06 2.865380567343422946e-04
2.636831249695492652e-04 3.330669073875469621e-15 2.327305015370484398e-12 7.489422415574154002e-10 1.120091248640875392e-07 7.816419761497162000e-06 2.557539448103107738e-04
2.352224518665790853e-04 2.942091015256664832e-15 2.036204538313768353e-12 6.531914453766773931e-10 9.791439692374837023e-08 6.885599388439800350e-06 2.282382828506235306e-04
2.098029304495874214e-04 2.609024107869117870e-15 1.782463066035688826e-12 5.699371530276664544e-10 8.561913567017853666e-08 6.066224803702446877e-06 2.036505147879896782e-04
1.871048687041576564e-04 2.331468351712828735e-15 1.561140106076663869e-12 4.975164724640990244e-10 7.489059566934130885e-08 5.344914892568830567e-06 1.816845641359754460e-04
1.668413507463495371e-04 2.053912595556539600e-15 1.368072322094349147e-12 4.344918869136904505e-10 6.552648368352009811e-08 4.709894979304518614e-06 1.620654934213483500e-04
1.487550016417982235e-04 1.831867990631508292e-15 1.199484955805019126e-12 3.796202241446167136e-10 5.735093472347685406e-08 4.150804682523379086e-06 1.445464652030103991e-04
1.326150531514858066e-04 1.609823385706476984e-15 1.052213871588492111e-12 3.318257335571672684e-10 5.021102394975329730e-08 3.658528565930740939e-06 1.289059806820480603e-04
1.182146850958742945e-04 1.387778780781445676e-15 9.235390230344364682e-13 2.901773821228914585e-10 4.397374270270759666e-08 3.225046916355278626e-06 1.149453733345073836e-04
1.053686187604818691e-04 1.276756478318930021e-15 8.109624083374455950e-13 2.538688148590040328e-10 3.852337721044207797e-08 2.843304289623649339e-06 1.024865364125937539e-04
9.391094044347569891e-05 1.110223024625156540e-15 7.125411372044254676e-13 2.222015349495620740e-10 3.375923490755994294e-08 2.507093732895260274e-06 9.136986456048656891e-05
8.369313485429019650e-05 9.992007221626408864e-16 6.263323193422820623e-13 1.945701932903887155e-10 2.959367295662929109e-08 2.210954835213385650e-06 8.145239114859537111e-05
7.458230960816214505e-05 8.881784197001252323e-16 5.508371536677714175e-13 1.704498764354411833e-10 2.595038756103562605e-08 1.950083971968830099e-06 7.260610424703051180e-05
6.645959351958552475e-05 7.771561172376095783e-16 4.847233725513433455e-13 1.493852819223207007e-10 2.276293004088714156e-08 1.720255296988604243e-06 6.471642542177358237e-05
5.921869277669689069e-05 6.661338147750939243e-16 4.267697306659101741e-13 1.309812258654119432e-10 1.997341914083961001e-08 1.517751207547046732e-06 5.768083674134727445e-05
5.276459037345526681e-05 6.106226635438360972e-16 3.758660049868467468e-13 1.148947603724082001e-10 1.753142281346597997e-08 1.339301154645866632e-06 5.140764252475893414e-05
4.701237539345148875e-05 5.551115123125782702e-16 3.312350393969154538e-13 1.008278460723488479e-10 1.539298821739976120e-08 1.182027803858787252e-06 4.581485344173907848e-05
4.188618987338577071e-05 4.996003610813204432e-16 2.920441666276474280e-13 8.852168997819376273e-11 1.351979878050357797e-08 1.043399669331535051e-06 4.082918159103998690e-05
3.731828203129561317e-05 4.440892098500626162e-16 2.576272528642675752e-13 7.775119437170019410e-11 1.187844250738478991e-08 9.211894472782589105e-07 3.638513613224425569e-05
3.324815562677496672e-05 3.885780586188047891e-16 2.273736754432320595e-13 6.832068244477795815e-11 1.043977604364698664e-08 8.134373657431304139e-07 3.242420993654349104e-05
2.962180612808840152e-05 3.330669073875469621e-16 2.007838340034595603e-13 6.005990149660078714e-11 9.178372450957539286e-09 7.184189501074911277e-07 2.889414854451155534e-05
2.639103520130081648e-05 2.775557561562891351e-16 1.773581281838687573e-13 5.282069226453245392e-11 8.072040869055996382e-09 6.346166737114522505e-07 2.574829348839235976e-05
2.351283581020213731e-05 2.775557561562891351e-16 1.567634910770721035e-13 4.647393581080905278e-11 7.101409349452580955e-09 5.606950264636090253e-07 2.294499274341221806e-05
2.094884092579407664e-05 2.220446049250313081e-16 1.386113446244507941e-13 4.090727756533851789e-11 6.249562034543743039e-09 4.954785914335069208e-07 2.044707172621507141e-05
1.866482949908210287e-05 2.220446049250313081e-16 1.226241330698485399e-13 3.602274034619767917e-11 5.501723299161653813e-09 4.379327655512632589e-07 1.822135886464515409e-05
1.663028394799370702e-05 1.665334536937734811e-16 1.085798118083403097e-13 3.173489249164163084e-11 4.844983414464820726e-09 3.871468079452711208e-07 1.623826031299513417e-05
1.481799395564031840e-05 1.665334536937734811e-16 9.608980278130729857e-14 2.796934905902048740e-11 4.268059516920885699e-09 3.423189331996923102e-07 1.447137889731830995e-05
1.320370187879449375e-05 1.665334536937734811e-16 8.515410598874950665e-14 2.466093995678875217e-11 3.761087830067566529e-09 3.027432041724509304e-07 1.289717284053137902e-05
